0
0
0
23
52
75
377
401
583
664
750
1493
1558
1569
1683
1733
1748
1793
1805
1844
2031
2107
2109
2183
2492
2582
2677
2779
2912
3062
3067
3082
3086
3110
3115
3180
3407
3427
3441
3482
3493
3523
3612
3616
3660
3668
3727
3873
3894
3909
3923
3947
3948
3987
3994
4058
4082
4095
4133
4227
4236
4236
4253
4254
4255
4257
4301
4318
4593
4593
4593
4702
4866
4879
4948
4979
4981
5006
5047
5100
5159
5177
5178
5186
5187
5188
5310
5505
5506
5535
5607
5609
5614
5615
5695
5697
5699
5699
5707
5731
5736
5752
5757
5825
5855
5858
5867
5871
5873
6063
6158
6187
6188
6277
6278
6281
6283
6284
6285
6286
6294
6303
6516
6517
6520
6549
6574
6706
6786
6790
6803
6803
6832
6842
6844
6851
6950
6951
7023
7060
7090
7091
7116
7210
7210
7228
7229
7287
7287
7288
7316
7390
7411
7412
7473
7501
7505
7549
7556
7557
7558
7590
7594
7603
7611
7614
7707
7707
7716
7719
7719
7789
7912
8246
8247
8248
8287
8306
8369
8386
8440
8443
8522
8522
8522
8526
8526
8563
8566
8567
8569
8582
8601
8622
8627
8628
8629
8640
8641
8658
8659
8680
8686
8717
8729
8741
8742
8743
8749
8759
8760
8762
8763
8764
8764
8864
8872
8873
8875
8875
8875
8885
8889
8908
8921
8922
8947
8952
8958
8958
8964
9014
9037
9038
9039
9041
9080
9121
9124
9125
9130
9138
9140
9142
9146
9149
9150
9161
9162
9177
9177
9185
9185
9186
9211
9297
9307
9315
9321
9377
9383
9391
9391
9413
9414
9445
9458
9459
9462
9492
9506
9506
9506
9513
9513
9569
9576
9578
9578
9578
9654
9654
9693
9695
9702
9708
9708
9709
9710
9711
9782
9817
9823
9826
9827
9832
9842
9843
9845
9845
9845
9846
9859
9862
9941
9948
10192
10197
10339
10340
10570
10891
11118
11172
11173
11250
11253
11393
11396
11595
11602
11629
11629
11630
11644
11669
11681
11689
11702
11708
11709
11713
11713
11715
11756
11802
11833
11834
11835
11915
11945
11992
11994
11998
12001
12010
12096
12104
12125
12126
12128
12139
12148
12154
12154
12155
12173
12175
12175
12175
12175
12175
12176
12179
12193
12201
12215
12220
12221
12222
12222
12339
12343
12343
12346
12347
12384
12384
12384
12384
12384
12386
12387
12432
12433
12433
12436
12447
12448
12448
12448
12449
12449
12450
12450
12492
12492
12493
12500
12506
12518
12519
12519
12539
12544
12563
12597
12742
12743
12745
12751
12752
12773
12774
12777
12781
12783
12792
12793
12793
12793
12793
12793
12800
12806
12885
12926
12932
12932
12937
12942
12942
13099
13099
13105
13105
13106
13107
13108
13116
13124
13125
13125
13126
13128
13132
13133
13148
13149
13158
13159
13160
13160
13161
13170
13174
13179
13911
13915
13915
13918
13922
13926
13932
13932
13949
13949
13961
13962
13972
13972
13972
13973
13974
13974
13974
13975
13975
13975
13983
13984
13985
13985
13985
13985
13985
13986
13986
13990
13995
13996
13996
13997
14000
14003
14009
14009
14011
14013
14027
14027
14037
14041
14041
14042
14042
14042
14043
14043
14044
14044
14047
14047
14051
14051
14051
14052
14052
14052
14053
14054
14059
14060
14061
14061
14062
14062
14063
14064
14065
14072
14073
14074
14074
14078
14078
14083
14083
14083
14085
14086
14089
14096
14097
14099
14123
14265
14266
14267
14271
14272
14273
14275
14297
14303
14306
14427
14428
14429
14433
14441
14445
14446
14447
14462
14463
14463
14465
14466
14467
14471
14472
14477
14478
14483
14486
14487
14488
14489
14493
14523
14523
14557
14583
14588
14591
14604
14622
14644
14644
14652
14654
14666
14667
14668
14670
14671
14673
14674
14675
14889
14898
14899
14899
14907
14908
14911
14911
14914
14914
14915
14915
14916
14918
14928
14963
14964
14964
14975
14975
14989
14990
14990
14990
14992
14995
15026
15026
15027
15027
15027
15027
15028
15083
15233
15299
15310
15335
15336
15367
15371
15373
15376
15422
15449
15465
15482
15514
15516
15556
15654
15656
15658
15660
15661
15662
15662
15663
15669
15683
15683
15685
15687
15845
15858
15865
15867
15886
15888
15889
15889
15889
15890
15895
15911
15912
15913
15915
15916
15919
15919
15919
15922
15923
15925
15925
16008
16008
16013
16060
16063
16087
16090
16091
16091
16209
16215
16315
16326
16334
16334
16338
16338
16339
16420
16448
16543
16666
16717
16718
16823
16824
16843
16847
16847
16870
16871
16872
16873
16877
16878
16879
17143
17144
17148
17154
17156
17188
17193
17194
17228
17229
17233
17241
17242
17243
17247
17479
17487
17487
17487
17487
17580
17580
17581
17583
17583
17583
17584
17650
17650
17651
17652
17653
17655
17656
17656
17656
17658
17735
17736
17744
17794
17862
17896
17896
18669
18670
18672
18818
18821
18828
18831
18832
18833
18835
18836
18836
18836
18836
18838
18846
18855
18856
19080
19081
19083
19095
19208
19525
19525
19566
19568
19568
19586
19646
19652
19657
19673
19674
19676
19682
19686
19692
19698
19788
19788
19789
19793
19793
19827
19830
19833
20105
20108
20110
20139
20139
20141
20142
20158
20159
20170
20185
20187
20352
20601
20604
20604
20604
20607
20619
20622
20622
20622
20623
20649
20653
20689
20689
20696
20757
20787
20788
20833
20834
20834
20835
20843
20843
20847
20849
20888
20904
21003
21005
21096
21096
21096
21109
21117
21133
21136
21141
21141
21238
21238
21239
21239
21250
21288
21347
21376
21381
21382
21382
21383
21385
21385
21507
21508
21508
21515
21518
21518
21525
21528
21529
21530
21531
21532
21533
21534
21534
21534
21540
21566
21567
21577
21601
21606
21606
21608
21609
21728
21730
21730
21739
21748
21760
21762
21789
21798
21801
21808
21815
21819
21820
21837
21838
21848
21854
22003
22004
22005
22005
22011
22012
22033
22033
22033
22035
22036
22054
22054
22076
22076
22122
22124
22124
22125
22205
22205
22235
22240
22240
22350
22377
22406
22414
22423
22424
22424
22424
22458
22458
22500
22503
22503
22515
22537
22553
22556
22559
22563
22564
22564
22580
22585
22587
22598
22670
22670
22672
22708
22719
22720
22720
22785
22785
22786
22802
22849
22850
22857
22863
22940
22942
23234
23234
23235
23235
23236
23474
23519
23519
23816
23816
23846
23850
23910
23911
23912
23930
23942
23947
24085
24085
24093
24137
24143
24149
24156
24179
24179
24179
24180
24181
24186
24187
24187
24188
24202
24211
24252
24253
24253
24259
24266
24401
24401
24420
24459
24465
24498
24510
24510
24596
24602
24608
24609
24658
24699
24720
24729
24730
24754
24755
24757
24760
24804
24850
24854
24854
24854
25050
25050
25050
25051
25053
25054
25056
25212
25241
25257
25264
25269
25271
25274
25274
25275
25276
25277
25277
25372
25446
25446
25446
25451
25453
25458
25459
25463
25465
25470
25474
25482
25484
25485
25493
25495
25495
25495
25497
25499
25509
25510
25598
25903
25911
25913
25914
25929
25938
25939
25942
25944
25945
25946
25947
25948
26008
26009
26015
26054
26055
26055
26055
26055
26055
26056
26056
26056
26056
26076
26113
26115
26177
26190
26252
26253
26253
26310
26709
26712
26827
26827
26962
26965
26967
26967
26969
27017
27031
27038
27040
27041
27044
27045
27045
27053
27525
27525
27525
27527
27528
27532
27534
27535
27537
27561
27562
27562
27562
27601
27614
28213
28371
28376
28405
28407
28408
28409
28410
28411
28412
28413
28414
28415
28425
28426
28427
28434
28443
28522
28565
28565
28568
28570
28571
28575
28575
28575
28606
28607
28612
28621
28624
28628
28630
28737
28772
28838
28860
28921
28922
28923
28949
28950
28951
29169
29248
29252
29253
29255
29320
29321
29321
29321
29322
29322
29399
29399
29400
29401
29402
29403
29404
29415
29416
29449
29450
29451
29465
29481
29501
29604
29610
29611
29612
29612
29647
29658
29663
29665
29675
29683
29760
29781
29781
29781
29781
29783
29834
29835
29836
29837
29838
29839
29884
29886
29894
29896
29896
29897
29897
29897
29958
29959
29960
29960
29962
29963
29964
29965
29966
29967
29967
30036
30160
30164
30174
30182
30182
30202
30233
30298
30298
30298
30298
30314
30348
30355
30388
30389
30390
30399
30475
30476
30481
30481
30484
30485
30486
30487
30777
30797
30797
30801
30802
30804
30806
30807
30808
30809
30815
30822
30823
30825
31006
31012
31012
31024
31024
31025
31026
31032
31033
31035
31038
31038
31044
31045
31047
31048
31110
31118
31119
31122
31127
31130
31132
31136
31138
31140
31141
31144
31144
31144
31146
31263
31264
31385
31415
31423
31426
31446
31537
31555
31558
31580
31581
31585
31585
31585
31592
31593
31633
31666
31667
31668
31668
31668
31672
32134
32138
32139
32172
32186
32187
32250
32302
32319
32323
32360
32395
32456
32457
32459
32459
32491
32492
32494
32498
32507
32706
32706
32707
32708
32709
32712
32715
32715
32718
32719
32720
32722
32725
32726
32727
32728
32729
32729
32729
32729
32729
32742
32742
32742
32783
32795
32797
32798
32806
32858
32858
32859
32861
33044
33047
33049
33050
33051
33052
33054
33054
33055
33055
33056
33065
33066
33107
33127
33130
33132
33133
33136
33143
33144
33145
33146
33149
33150
33150
33151
33152
33153
33158
33159
33160
33161
33162
33210
33236
33236
33244
33268
33279
33299
33306
33462
33534
33535
33626
33628
33628
33628
33628
33628
33628
33672
33673
33699
33751
33751
33751
33751
33868
33869
33933
33933
33933
34090
34091
34092
34102
34312
34340
34346
34358
34406
34444
34446
34449
34455
34459
34500
34502
34502
34503
34519
34520
34521
34521
34521
34522
34523
34524
34524
34525
34528
34627
34766
34767
34771
34806
34810
34811
34812
34814
34825
34825
34825
34825
34827
34829
34830
34898
34979
34984
34985
34986
35230
35231
35231
35232
35233
35261
35265
35852
35894
35895
35976
35996
36002
36081
36081
36081
36082
36083
36086
36087
36087
36087
36114
36122
36168
36168
36169
36172
36176
36200
36202
36202
36203
36204
36205
36205
36206
36207
36207
36208
36221
36308
36309
36411
36411
36416
36417
36430
36431
36432
36462
36462
36576
36576
36605
36605
36605
36608
36608
36612
36613
36629
36633
36643
36646
36648
37003
37004
37016
37017
37085
37100
37173
37335
37336
37337
37337
37341
37342
37422
37472
37511
37511
37513
37515
37516
37528
37528
37530
37536
37539
37539
37540
37541
37542
37543
37546
37582
37582
37584
37585
37586
37634
37636
37641
37660
37660
37660
37661
37662
37662
37664
37664
37665
37666
37666
37675
37676
37677
37743
37749
37750
37753
37754
37755
37810
37815
37815
37833
37834
37834
37834
37842
37844
37845
37847
37850
37850
37854
37856
37857
37859
37868
37869
37870
37876
37901
37903
37905
37955
37958
37964
37965
37966
37970
38040
38041
38042
38135
38247
38247
38248
38249
38296
38300
38334
38335
38341
38342
38351
38352
38353
38358
38359
38365
38461
38461
38471
38485
38486
38500
38501
38502
38503
38503
38503
38504
38523
38568
38569
38587
38629
38684
38685
38686
38695
38698
38699
38700
38709
38715
38716
38724
38725
38732
38735
38811
38879
38879
38914
38914
38915
38938
38939
39028
39044
39046
39051
39052
39054
39101
39102
39104
39108
39135
39232
39232
39299
39300
39300
39441
39442
39442
39443
39443
39444
39452
39452
39452
39458
39460
39517
39518
39519
39519
39519
39519
39530
39532
39532
39563
39563
39589
39633
39671
39672
39672
39720
39740
39740
39740
39759
39760
39762
39763
39771
39900
39902
39903
39946
39950
39991
40096
40096
40106
40106
40106
40106
40196
40203
40214
40263
40263
40264
40265
40267
40269
40271
40274
40277
40283
40289
40290
40363
40379
40407
40464
40465
40467
40468
40468
40468
40469
40470
40471
40518
40534
40535
40535
40535
40536
40537
40537
40549
40550
40558
40559
40562
40563
40563
40565
40566
40566
40572
40573
40575
40597
40600
40601
40602
40607
40608
40617
40650
40653
40653
40653
40666
40666
40667
40668
40669
40669
40713
40717
40719
40755
40756
40757
40793
40798
40798
40799
40800
40851
40852
40852
40858
40859
40860
40861
40861
40861
40862
40863
40864
40873
40874
40874
40875
40878
40879
40881
40914
40915
40916
40936
41048
41048
41049
41253
41255
41260
41282
41283
41285
41292
41293
41294
41309
41310
41311
41312
41319
41319
41332
41333
41334
41339
41340
41340
41343
41345
41347
41351
41366
41380
41380
41380
41409
41412
41412
41412
41413
41413
41413
41414
41415
41416
41421
41452
41452
41465
41474
41492
41523
41525
41525
41525
41525
41706
41706
41706
41707
41713
41747
41748
41750
41797
41799
41828
41828
41835
41891
41908
41908
41909
41910
41946
42012
42028
42031
42032
42035
42036
42124
42124
42124
42125
42164
42165
42228
42228
42229
42229
42229
42230
42293
42320
42323
42326
42327
42337
42338
42351
42352
42354
42355
42356
42357
42357
42358
42359
42360
42361
42362
42363
42365
42366
42367
42368
42390
42391
42392
42394
42402
42407
42407
42408
42414
42416
42416
42418
42419
42419
42420
42420
42423
42427
42428
42442
42443
42446
42446
42447
42448
42449
42453
42453
42457
42578
42599
42601
42651
42651
42654
42658
42675
42676
42683
42804
42804
42804
42804
42804
42805
42805
42805
42805
42806
42807
42809
42819
42847
42848
42849
42855
42856
42857
42865
42872
42927
42928
42934
42936
42943
42943
42965
42966
42966
43011
43013
43015
43026
43026
43026
43030
43077
43080
43084
43085
43092
43131
43147
43167
43190
43303
43308
43430
43431
43431
43431
43431
43434
43435
43438
43441
43485
43493
43494
43495
43624
43638
43784
43785
43785
43786
43789
43789
43791
43793
43794
43817
43962
43963
43964
43965
43967
43968
43968
43972
43976
43976
43977
44018
44018
44018
44036
44062
44065
44065
44067
44068
44068
44068
44069
44072
44104
44106
44122
44151
44152
44217
44218
44235
44238
44241
44242
44243
44245
44246
44247
44250
44250
44311
44312
44315
44316
44317
44318
44323
44335
44338
44338
44341
44345
44348
44349
44351
44352
44352
44353
44354
44354
44368
44368
44368
44399
44416
44416
44417
44418
44421
44436
44437
44448
44449
44450
44450
44451
44452
44467
44470
44504
44532
44536
44537
44680
44729
44795
44807
44843
44857
44858
44933
45174
45175
45176
45284
45298
45301
45302
45302
45302
45310
45310
45310
45348
45351
45376
45398
45398
45404
45435
45682
45731
45826
45827
45828
45829
45830
45830
45888
45889
45890
45891
45892
45894
45895
45895
45926
45926
45974
45974
46006
46014
46018
46018
46019
46021
46026
46027
46027
46044
46050
46054
46055
46069
46189
46190
46191
46193
46202
46204
46206
46370
46418
46485
46486
46487
46488
46488
46489
46489
46493
46500
46501
46504
46505
46506
46507
46508
46511
46512
46515
46517
46519
46522
46524
46527
46546
46657
46660
46662
46914
46914
47129
47129
47131
47133
47169
47169
47170
47171
47172
47173
47179
47179
47183
47183
47188
47195
47196
47196
47200
47200
47200
47202
47202
47203
47205
47206
47207
47208
47265
47277
47277
47279
47282
47283
47283
47287
47301
47378
47385
47393
47410
47599
47601
47725
47732
47734
47735
47784
47810
47810
47814
47859
47860
47931
47932
47932
48004
48004
48004
48070
48071
48072
48074
48075
48076
48080
48081
48082
48083
48083
48145
48147
48147
48148
48150
48152
48153
48154
48156
48160
48160
48160
48194
48335
48338
48340
48346
48350
48387
48394
48395
48396
48396
48396
48396
48396
48397
48397
48397
48408
48409
48411
48411
48411
48411
48413
48415
48450
48450
48452
48453
48454
48504
48505
48506
48507
48513
48514
48515
48516
48517
48518
48519
48521
48563
48564
48565
48566
48597
48598
48604
48605
48606
48607
48611
48612
48613
48614
48615
48619
48619
48622
48622
48623
48698
48801
48943
48945
48980
48981
48987
48987
48994
49002
49005
49005
49005
49329
49329
49330
49351
49352
49352
49353
49354
49360
49361
49362
49364
49402
49403
49403
49406
49406
49436
49438
49538
49539
49585
49654
49667
49678
49746
49754
49755
49756
49757
49758
49802
49807
49811
49812
49813
49814
49815
49820
49827
49827
49828
49830
49831
49832
49833
49835
49835
49835
49836
49883
49884
49885
49886
49886
49887
49924
50017
50018
50029
50036
50070
50175
50187
50257
50283
50285
50290
50290
50290
50302
50303
50380
50382
50464
50644
50646
50648
50650
50700
51593
51625
51630
51634
51639
51640
51640
51647
51648
51650
51650
51796
51798
51810
51810
51810
51811
51812
51814
51815
51875
51877
51889
51889
51889
51889
51889
51902
51934
51979
52028
52041
52043
52050
52059
52059
52059
52059
52060
52060
52124
52125
52126
52140
52147
52148
52155
52184
52209
52214
52216
52217
52239
52292
52338
52362
52370
52370
52478
52479
52479
52482
52483
52484
52484
52486
52487
52488
52489
52490
52491
52492
52493
52494
52495
52496
52497
52498
52498
52499
52506
52545
52563
52564
52565
52565
52834
52834
52947
53051
53100
53101
53145
53452
53464
53628
53629
53631
53633
53634
53640
53640
53766
53767
53767
53767
53768
53781
53782
53885
53886
53893
53933
53933
53933
53939
53939
53940
53953
53954
53954
54110
54123
54741
54779
54805
54849
54868
55017
55035
55042
55106
55151
55166
55240
55408
55427
55507
55568
55643
55644
55662
55765
55774
55775
55775
55788
55788
55988
55988
55990
55991
55992
55993
56014
56014
56016
56017
56018
56028
56029
56029
56062
56065
56066
56068
56069
56069
56072
56073
56073
56074
56090
56093
56094
56122
56123
56123
56123
56162
56162
56187
56266
56267
56268
56268
56268
56275
56276
56276
56277
56277
56282
56284
56285
56308
56309
56312
56312
56313
56342
56343
56344
56384
56385
56386
56387
56388
56389
56435
56470
56471
56471
56493
56494
56497
56497
56498
56499
56500
56501
56502
56506
56510
56513
56686
56701
56719
56725
56725
56725
56733
56733
56733
56741
56741
56741
56750
56751
56767
56767
56767
56772
56774
56774
56774
56793
56793
56794
56794
56805
56805
56807
56808
56826
56826
56826
56869
56870
56871
56871
56872
56873
56873
56873
56879
56918
56968
56975
56980
56981
56981
56981
57002
57007
57021
57022
57146
57146
57148
57151
57152
57153
57154
57155
57156
57200
57202
57203
57203
57219
57224
57225
57228
57367
57372
57373
57377
57382
57383
57385
57391
57394
57395
57396
57397
57679
57766
57766
57766
57772
57773
57773
57773
57774
57776
57777
57778
57806
57807
57812
57815
57816
57817
57831
57832
57833
57834
57835
57836
57837
57838
57838
57840
57841
57870
57874
57874
57882
57900
57904
57910
57916
57928
57985
57985
57985
58018
58029
58033
58033
58034
58036
58039
58041
58041
58042
58042
58077
58079
58098
58098
58098
58099
58100
58101
58103
58165
58171
58171
58207
58215
58215
58216
58223
58346
58357
58357
58357
58358
58359
58359
58369
58395
58396
58409
58428
58429
58439
58440
58440
58440
58441
58488
58488
58489
58490
58491
58491
58561
58563
58563
58801
58856
58859
58860
58861
59218
59218
59233
59235
59242
59242
59248
59248
59249
59293
59294
59322
59322
59326
59329
59338
59393
59403
59403
59410
59411
59412
59415
59425
59425
59425
59428
59435
59478
59485
59490
59491
59494
59522
59553
59568
59569
59620
59743
59744
59745
59746
59746
59790
59792
59795
59814
59815
59867
59874
59875
59875
59927
59931
60106
60145
60334
60336
60336
60386
60602
60647
60685
60698
60705
60712
60713
60727
60734
60748
60749
60750
60756
60756
60766
60778
60779
60785
60785
60786
60787
60796
60797
60849
60893
60941
60941
60973
60977
60979
61021
61024
61024
61024
61025
61025
61025
61025
61027
61028
61053
61087
61088
61090
61091
61095
61096
61096
61096
61116
61116
61118
61180
61181
61189
61197
61234
61238
61250
61251
61332
61333
61338
61375
61378
61379
61416
61416
61416
61418
61419
61424
61424
61424
61429
61439
61447
61456
61477
61478
61479
61480
61481
61486
61486
61486
61488
61491
61499
61499
61499
61502
61504
61520
61521
61536
61537
61539
61539
61540
61543
61544
61545
61546
61546
61550
61550
61550
61552
61552
61601
61602
61690
61708
61709
61715
61741
61742
61752
61753
61754
61755
61756
61756
61757
61757
61758
61767
61769
61769
61772
61773
61773
61774
61775
61776
61855
61856
61856
61857
61870
61877
61878
61919
61925
61925
61925
61925
61949
61952
61953
61955
61956
61958
61959
61960
61980
61990
62000
62068
62124
62124
62125
62125
62147
62151
62152
62165
62173
62173
62181
62182
62183
62183
62184
62185
62191
62232
62235
62237
62238
62239
62240
62241
62243
62244
62245
62246
62247
62248
62249
62250
62251
62264
62265
62284
62285
62286
62287
62288
62289
62292
62293
62294
62294
62294
62322
62325
62326
62327
62333
62333
62334
62334
62336
62338
62339
62342
62345
62345
62382
62382
62382
62385
62404
62405
62500
62502
62510
62511
62520
62521
62522
62522
62522
62523
62525
62528
62530
62532
62534
62535
62604
62618
62697
62698
62700
62702
62705
62706
62711
62711
62731
62732
62732
62732
62733
62733
62769
62827
62835
62845
62846
62846
62848
62899
62900
62901
62906
62921
62922
62923
62954
62959
62966
62966
62966
62970
62988
62989
62990
62995
62996
63009
63012
63027
63028
63028
63033
63051
63052
63054
63054
63060
63078
63078
63078
63078
63078
63079
63080
63095
63108
63109
63109
63109
63112
63113
63117
63118
63119
63132
63133
63168
63173
63173
63198
63207
63262
63262
63535
63536
63541
63544
63545
63547
63548
63549
63550
63552
63553
63553
63553
63553
63616
63619
63620
63621
63622
63622
63622
63634
63638
63681
63681
63685
63726
63745
63787
63967
63968
63970
63973
63974
63986
63986
64001
64003
64063
64067
64100
64110
64266
64267
64269
64272
64273
64276
64277
64278
64400
64403
64492
64493
64497
64498
64498
64499
64499
64500
64501
64501
64501
64501
64502
64532
64533
64533
64533
64533
64536
64537
64538
64540
64541
64542
64542
64542
64542
64542
64542
64551
64552
64556
64557
64558
64559
64647
64648
64650
64650
64670
64672
64693
64693
64964
64967
65281
65308
65406
65537
65856
66004
66072
66313
66479
66548
66640
66662
66763
66817
66873
66873
66876
66893
66894
66897
66920
66941
66943
66958
66958
66958
66959
66959
67012
67054
67156
67174
67191
67215
67235
67235
67235
67235
67236
67252
67252
67254
67256
67259
67260
67261
67264
67274
67275
67389
67392
67393
67393
67393
67393
67394
67394
67394
67394
67405
67406
67407
67408
67417
67421
67422
67425
67425
67425
67431
67479
67480
67509
67580
67608
67609
67625
67631
67695
67708
67708
67711
67712
67717
67717
67717
67722
67728
67728
67730
67732
67736
67817
67822
67825
67832
67834
67834
67834
67834
67834
67835
67836
67837
67845
67851
67865
67879
67889
67890
67890
67906
67910
67950
67953
67955
67956
67957
67975
68122
68164
68164
68209
68209
68209
68209
68209
68213
68214
68216
68218
68218
68219
68220
68224
68225
68227
68383
68398
68398
68403
68404
68417
68417
68443
68445
68447
68448
68461
68465
68466
68478
68530
68531
68543
68545
68546
68547
68571
68571
68571
68575
68597
68597
68598
68803
68947
68947
68947
68948
68949
68950
68951
68973
68973
69037
69041
69041
69041
69042
69046
69078
69169
69170
69218
69300
69363
69374
69378
69379
69391
69392
69604
69966
70010
70010
70050
70059
70072
70081
70082
70082
70083
70084
70086
70087
70096
70099
70100
70139
70177
70264
70300
70310
70311
70312
70332
70476
70482
70483
70483
70483
70483
70483
70488
70490
70491
70492
70494
70511
70513
70513
70514
70589
70595
70596
70598
70601
70602
70606
70608
70609
70704
70712
70713
70714
70715
70716
70717
70718
70718
70720
70720
70721
70722
70723
70726
70727
70728
70728
70735
70735
70736
70737
70737
70752
70753
70753
70754
70755
70769
70780
70780
70782
70789
70882
70886
70889
70890
70975
70986
70987
71002
71002
71003
71003
71006
71006
71006
71006
71006
71006
71006
71009
71019
71021
71021
71022
71026
71056
71060
71062
71073
71088
71089
71095
71095
71095
71096
71097
71098
71099
71101
71109
71112
71122
71123
71132
71148
71148
71148
71170
71173
71174
71174
71175
71187
71187
71198
71198
71200
71203
71204
71207
71208
71209
71227
71326
71558
71560
71560
71560
71561
71588
71588
71634
71635
71748
71748
71771
71777
71780
71781
71789
71799
71804
71805
71850
71850
71850
71852
71853
71853
71906
72000
72047
72067
72067
72068
72068
72078
72078
72080
72080
72082
72083
72083
72083
72085
72085
72086
72106
72106
72107
72110
72111
72146
72147
72148
72148
72153
72154
72155
72170
72188
72189
72197
72197
72197
72198
72198
72200
72202
72202
72202
72284
72290
72290
72290
72291
72291
72291
72291
72293
72298
72299
72301
72301
72301
72301
72306
72308
72313
72328
72332
72332
72332
72335
72348
72349
72349
72349
72351
72352
72353
72353
72355
72356
72356
72357
72359
72362
72363
72363
72363
72364
72365
72366
72375
72377
72377
72380
72381
72424
72424
72425
72427
72428
72429
72429
72430
72463
72465
72482
72482
72482
72482
72524
72553
72557
72572
72578
72578
72585
72586
72591
72598
72598
72599
72601
72603
72608
72609
72613
72613
72613
72614
72615
72615
72615
72615
72615
72616
72616
72617
72618
72620
72620
72623
72649
72679
72679
72679
72680
72681
72683
72686
72771
72772
72787
72789
72812
72828
72832
72833
72834
72923
72924
72924
72925
73015
73015
73022
73022
73055
73055
73055
73200
73214
73216
73219
73221
73222
73242
73246
73248
73280
73281
73282
73282
73284
73285
73292
73294
73294
73294
73351
73351
73352
73354
73356
73360
73388
73388
73388
73388
73389
73391
73406
73413
73415
73416
73416
73416
73437
73437
73439
73441
73441
73441
73443
73449
73449
73449
73452
73454
73455
73457
73463
73464
73464
73464
73464
73464
73464
73468
73469
73616
73631
73632
73641
73745
73813
73834
73834
73923
74180
74269
74269
74270
74270
74271
74272
74272
74274
74274
74277
74300
74301
74301
74305
74305
74306
74310
74337
74338
74469
74474
74475
74481
74482
74593
74610
74639
74754
74787
74788
74874
74951
74953
74957
74958
74958
74973
74974
74974
74975
74975
74975
74975
74978
74979
74980
74981
74982
74982
74984
74985
74986
74994
75149
75150
75150
75150
75151
75154
75155
75156
75157
75158
75159
75163
75179
75179
75179
75179
75179
75191
75191
75191
75197
75200
75202
75203
75228
75278
75280
75282
75323
75332
75334
75336
75337
75338
75340
75342
75344
75370
75377
75441
75442
75454
75459
75496
75497
75573
75575
75576
75578
75584
75586
75602
75686
75729
75730
75731
75736
75736
75736
75736
75738
75738
75738
75754
75756
75759
75760
75761
75762
75762
75771
75772
75772
75772
75772
75773
75781
75782
75783
75786
75786
75787
75787
75787
75787
75788
75789
75795
75804
75804
75815
75817
75837
75844
75844
75846
75847
75847
75854
75855
75863
75868
75870
75871
75872
75874
75879
75880
75881
75883
75884
75885
75950
76003
76006
76015
76017
76018
76019
76019
76131
76134
76176
76217
76224
76241
76242
76242
76242
76245
76249
76249
76250
76253
76255
76258
76258
76259
76259
76260
76260
76261
76262
76263
76264
76265
76267
76268
76268
76269
76270
76272
76273
76278
76278
76278
76287
76287
76289
76289
76290
76291
76315
76315
76316
76316
76316
76327
76328
76328
76331
76331
76331
76331
76354
76355
76360
76412
76413
76414
76415
76416
76416
76422
76423
76424
76426
76426
76426
76426
76426
76428
76432
76436
76436
76436
76453
76454
76492
76501
76501
76501
76501
76501
76501
76502
76503
76504
76507
76514
76514
76792
76792
76797
76802
76806
76835
76843
76846
76849
76853
76855
76856
76857
76857
76865
76868
76875
76877
76878
76890
76890
76892
76892
76894
76895
76927
76928
76929
76969
76969
76970
76971
76981
76988
76991
76993
76994
77049
77050
77050
77050
77054
77055
77135
77141
77191
77191
77192
77193
77193
77194
77200
77201
77223
77262
77262
77264
77264
77265
77267
77268
77274
77275
77275
77275
77278
77278
77289
77290
77295
77296
77297
77298
77302
77302
77302
77302
77302
77302
77302
77302
77302
77302
77303
77304
77307
77308
77309
77318
77319
77324
77333
77333
77333
77334
77335
77336
77337
77338
77345
77345
77345
77347
77347
77348
77365
77376
77376
77377
77377
77377
77377
77392
77393
77393
77395
77400
77401
77413
77425
77431
77435
77443
77467
77469
77472
77474
77544
77550
77551
77557
77759
77777
77784
77785
77786
77788
77802
77838
77839
77840
77849
77850
77850
77851
77873
77877
77878
77880
77884
77886
77888
77889
77889
77890
77894
77894
77895
77913
77914
77915
77917
77917
77918
77920
77921
77937
77939
77940
77941
77941
77941
77948
78101
78101
78113
78133
78164
78214
78229
78230
78231
78233
78234
78235
78236
78239
78240
78241
78241
78243
78243
78245
78246
78248
78248
78248
78250
78251
78262
78262
78277
78277
78277
78277
78277
78278
78278
78278
78278
78278
78278
78278
78279
78288
78288
78293
78307
78307
78307
78316
78330
78338
78341
78360
78365
78446
78446
78447
78447
78448
78448
78457
78459
78459
78460
78460
78505
78505
78505
78605
78605
78605
78608
78609
78610
78611
78627
78628
78628
78631
78631
78631
78642
78675
78677
78680
78682
78683
78684
78684
78684
78684
78684
78724
78726
78736
78738
78738
78738
78738
78741
78746
78746
78746
78746
78755
78782
78793
78793
78793
78795
78801
78802
78803
78806
78807
78808
78879
78880
78895
78896
78898
78899
78906
78906
78906
78907
78908
78910
78910
78911
78912
78912
78912
78913
78920
78921
78925
78926
78926
78926
78927
78929
78931
78935
78940
78941
78941
78942
78946
78947
79175
79187
79187
79188
79189
79189
79190
79190
79192
79193
79193
79193
79194
79195
79195
79206
79206
79207
79207
79209
79217
79331
79333
79335
79335
79335
79335
79338
79339
79358
79404
79414
79420
79429
79453
79454
79455
79468
79469
79476
79478
79574
79577
79578
79578
79578
79578
79578
79578
79598
79612
79613
79613
79613
79670
79693
79752
79753
79753
79753
79754
79756
79757
79758
79759
79760
79761
79762
79763
79764
79765
79766
79767
79770
79773
79774
79775
79800
79808
79809
79930
79930
79933
79944
79945
80007
80053
80053
80054
80056
80056
80057
80057
80093
80108
80109
80109
80109
80109
80109
80109
80113
80113
80113
80114
80117
80118
80129
80130
80133
80135
80137
80139
80141
80159
80159
80197
80200
80203
80207
80208
80209
80210
80211
80245
80251
80251
80252
80259
80260
80261
80262
80315
80319
80320
80334
80334
80334
80334
80337
80337
80338
80351
80351
80351
80353
80354
80354
80354
80381
80383
80383
80383
80384
80387
80388
80408
80410
80411
80412
80474
80476
80477
80550
80554
80554
80558
80560
80561
80562
80562
80563
80564
80566
80567
80568
80568
80568
80569
80569
80569
80615
80635
80635
80636
80637
80665
80666
80666
80668
80668
80669
80770
80772
80773
80774
80942
81020
81021
81021
81028
81034
81035
81036
81037
81039
81041
81042
81046
81047
81049
81073
81075
81076
81110
81111
81112
81114
81117
81120
81123
81128
81130
81132
81135
81136
81137
81167
81169
81170
81174
81175
81179
81179
81181
81182
81183
81184
81186
81187
81188
81189
81192
81192
81192
81192
81192
81220
81220
81224
81227
81232
81236
81240
81240
81240
81240
81242
81243
81250
81250
81255
81334
81334
81334
81335
81346
81515
81516
81518
81518
81520
81522
81523
81525
81525
81526
81528
81530
81531
81533
81534
81536
81542
81543
81544
81545
81546
81548
81549
81551
81554
81564
81566
81573
81574
81574
81583
81583
81584
81586
81589
81595
81596
81598
81615
81627
81627
81627
81627
81627
81658
81662
81663
81663
81673
81887
81887
81888
81889
81892
81892
81892
81892
81892
81893
81893
81893
81901
81901
81901
81914
81974
81975
82000
82361
82361
82362
82370
82371
82373
82381
82425
82427
82450
82453
82454
82455
82471
82524
82567
82571
82571
82572
82573
82573
82596
82603
82603
82603
82607
82611
82630
82631
82632
82632
82632
82632
82633
82634
82749
82751
82751
82752
82780
82780
82807
82821
82825
82835
82849
82856
82856
82870
82880
82889
82890
82891
83030
83030
83202
83202
83206
83206
83206
83206
83249
83275
83275
83276
83278
83278
83278
83279
83283
83301
83306
83313
83316
83316
83316
83318
83318
83318
83320
83321
83327
83327
83338
83346
83347
83399
83401
83401
83401
83402
83402
83428
83431
83444
83445
83446
83447
83448
83448
83450
83460
83465
83469
83470
83473
83473
83473
83473
83473
83474
83477
83748
83751
83756
83756
83756
83757
83761
83762
83763
83764
83772
83775
83776
83776
83777
83777
83780
83794
83795
83797
83811
83811
83811
83865
83992
83995
83996
84029
84029
84029
84030
84114
84121
84122
84122
84126
84126
84127
84129
84142
84160
84160
84169
84170
84239
84240
84294
84297
84298
84299
84300
84300
84300
84300
84300
84300
84301
84302
84302
84303
84314
84365
84366
84370
84386
84386
84386
84386
84386
84386
84386
84399
84402
84406
84411
84414
84438
84438
84438
84439
84440
84452
84453
84458
84459
84461
84461
84509
84510
84510
84510
84510
84551
84580
84702
84708
84743
84882
84983
85002
85219
85268
85309
85323
85324
85392
85544
85546
85577
85788
86100
86180
86190
86191
86209
86219
86223
86255
86258
86264
86286
86301
86316
86318
86333
86333
86333
86333
86346
86346
86347
86347
86347
86347
86348
86349
86357
86358
86379
86380
86381
86382
86383
86384
86384
86385
86386
86403
86404
86405
86406
86407
86407
86409
86433
86433
86433
86433
86433
86436
86437
86437
86439
86440
86459
86460
86460
86504
86506
86508
86509
86523
86524
86525
86525
86558
86566
86566
86566
86566
86566
86566
86568
86627
86702
86709
86710
86710
86712
86712
86713
86713
86713
86713
86725
86725
86727
86736
86737
86738
86738
86739
86740
86744
86746
86748
86769
86779
86780
86780
86786
86787
86788
86788
86788
86789
86811
86827
86827
86827
86828
86829
86890
86890
86890
86890
86890
86891
86891
86891
86891
86891
86891
86900
86912
86913
86914
86938
86956
86956
86956
86967
86999
87000
87003
87019
87019
87019
87019
87020
87022
87023
87023
87029
87032
87039
87039
87042
87043
87043
87053
87053
87055
87085
87087
87090
87091
87092
87094
87095
87095
87095
87095
87098
87099
87099
87100
87101
87102
87103
87103
87118
87124
87124
87124
87124
87125
87127
87128
87128
87128
87129
87130
87131
87132
87133
87133
87134
87135
87152
87152
87154
87158
87177
87177
87179
87180
87183
87184
87184
87184
87186
87223
87223
87223
87223
87224
87236
87237
87239
87247
87251
87254
87254
87254
87294
87298
87299
87299
87299
87299
87300
87300
87300
87301
87301
87302
87303
87303
87304
87313
87313
87317
87318
87366
87368
87368
87368
87405
87408
87409
87415
87416
87420
87420
87420
87421
87422
87448
87449
87515
87517
87517
87517
87517
87517
87580
87606
87608
87611
87611
87611
87611
87628
87628
87647
87655
87657
87701
87701
87701
87702
87703
87722
87722
87722
87722
87724
87724
87734
87734
87734
87734
87750
87751
87759
87761
87762
87763
87772
87800
87803
87803
87815
87816
87838
87859
87860
87890
87891
87903
87904
87905
87905
87905
87906
87910
87911
87912
87912
87915
87916
87919
87919
87919
87921
87922
87922
87923
87924
87924
87925
87928
87930
87930
87930
87937
87939
87940
87941
87942
87944
87947
87948
87949
88338
88339
88345
88347
88353
88392
88393
88636
88662
88662
88676
88677
88680
88681
88681
88681
88684
88685
88686
88823
88827
88827
88827
88827
88828
88838
88849
88857
88865
88911
88912
88913
88913
88913
88916
88916
88916
88917
88930
88932
88932
88935
88936
88937
88937
88938
88938
88939
88940
88941
88941
88941
88942
88950
88951
88953
88955
88957
89062
89064
89076
89076
89076
89077
89077
89088
89093
89120
89120
89120
89121
89122
89152
89152
89153
89154
89162
89164
89165
89168
89175
89186
89214
89215
89231
89232
89234
89235
89301
89302
89309
89312
89327
89349
89349
89349
89356
89356
89358
89360
89388
89389
89393
89396
89397
89398
89434
89434
89434
89435
89435
89435
89436
89436
89436
89440
89442
89442
89442
89442
89463
89464
89466
89474
89475
89477
89479
89480
89481
89482
89482
89621
89626
89628
89638
89639
89641
89644
89648
89648
89648
89648
89653
89658
89662
89663
89665
89668
89668
89668
89669
89677
89678
89678
89679
89679
89683
89683
89684
89684
89702
89703
89706
89707
89708
89709
89710
89759
89780
89780
89780
89781
89831
90061
90062
90062
90062
90062
90072
90073
90077
90080
90080
90084
90091
90102
90103
90104
90105
90106
90150
90150
90150
90151
90152
90152
90155
90165
90168
90168
90168
90168
90168
90168
90168
90169
90170
90172
90172
90173
90173
90174
90174
90174
90188
90233
90233
90246
90246
90246
90247
90247
90248
90250
90251
90253
90257
90258
90259
90263
90263
90264
90264
90265
90265
90265
90268
90277
90277
90281
90282
90283
90284
90284
90297
90301
90307
90316
90331
90406
90407
90449
90463
90463
90463
90463
90463
90464
90464
90487
90488
90490
90491
90523
90528
90529
90530
90530
90530
90530
90531
90531
90722
90725
90737
90760
90982
90984
91369
91371
91404
91420
91503
91530
91536
91557
91586
91665
91706
91708
91852
91857
91941
92016
92083
92144
92164
92186
92284
92296
92337
92337
92337
92352
92352
92364
92364
92364
92364
92365
92371
92371
92382
92383
92383
92424
92425
92426
92427
92427
92427
92427
92430
92430
92430
92430
92430
92430
92431
92432
92433
92441
92442
92534
92534
92550
92550
92552
92576
92576
92577
92577
92578
92578
92581
92581
92581
92631
92658
92664
92665
92666
92667
92674
92675
92675
92675
92675
92675
92677
92679
92682
92682
92683
92684
92685
92690
92690
92692
92692
92692
92693
92703
92705
92705
92707
92707
92707
92708
92709
92709
92709
92709
92710
92729
92731
92732
92734
92734
92739
92741
92793
92802
92803
92803
92805
92815
92819
92826
92829
92830
92830
92830
92840
92844
92844
92847
92847
92880
92884
92926
92937
92939
92940
92942
92945
92958
92959
92963
92964
92965
92974
92978
92978
92978
92981
92985
92985
92999
92999
92999
92999
92999
92999
93002
93003
93007
93018
93020
93020
93021
93024
93031
93032
93032
93037
93038
93038
93040
93040
93040
93040
93040
93040
93041
93041
93049
93055
93059
93060
93070
93071
93072
93073
93077
93078
93079
93079
93080
93083
93083
93085
93085
93087
93168
93188
93198
93203
93204
93205
93211
93212
93280
93286
93286
93286
93286
93286
93286
93289
93290
93293
93303
93305
93306
93307
93332
93332
93333
93363
93380
93380
93383
93383
93384
93386
93387
93389
93469
93470
93471
93472
93473
93474
93480
93481
93481
93481
93482
93521
93523
93530
93532
93536
93537
93540
93541
93542
93543
93544
93544
93544
93545
93546
93547
93547
93548
93549
93551
93552
93556
93556
93557
93558
93590
93595
93598
93601
93655
93656
93657
93675
93675
93676
93676
93677
93677
93680
93698
93698
93698
93698
93698
93698
93698
93699
93699
93700
93701
93706
93717
93717
93717
93743
93744
93744
93745
93745
93745
93745
93745
93745
93745
93745
93749
93749
93750
93750
93751
93752
93754
93754
93756
93756
93758
93761
93762
93764
93764
93788
93788
93788
93799
93802
93804
93805
93806
93806
93808
93812
93819
93821
93821
93821
93821
93822
93822
93823
93824
93825
93826
93827
93836
93837
93837
93837
93838
93851
93852
93853
93853
93854
93876
93879
93880
93880
93883
93883
93883
93883
93883
93887
93887
93887
93888
93891
93905
93905
93905
93905
93915
93916
93919
93921
93922
93929
93932
93933
93936
93937
93939
93940
93941
93942
93943
93943
93946
93947
93949
93950
93950
93950
93952
93954
93968
93969
93975
93977
93980
93981
93993
93994
93995
93999
94002
94002
94002
94002
94005
94008
94009
94010
94015
94046
94099
94103
94121
94152
94153
94170
94171
94171
94171
94173
94174
94193
94195
94195
94198
94198
94198
94198
94199
94199
94199
94204
94205
94280
94285
94320
94321
94329
94329
94330
94340
94340
94340
94340
94342
94343
94344
94344
94344
94344
94345
94345
94345
94345
94346
94350
94351
94352
94353
94353
94353
94353
94441
94452
94528
94529
94538
94539
94540
94540
94540
94540
94592
94593
94594
94594
94594
94594
94597
94598
94599
94599
94599
94600
94601
94602
94603
94606
94606
94607
94614
94692
94692
94693
94693
94693
94694
94884
94884
94884
94884
94884
94884
94885
94888
94890
94900
94901
94920
94925
94925
94927
94950
94950
94950
94994
95000
95005
95007
95115
95115
95115
95116
95119
95120
95122
95126
95126
95126
95126
95126
95129
95129
95129
95129
95129
95131
95131
95148
95159
95160
95161
95162
95163
95163
95163
95163
95164
95166
95166
95166
95247
95282
95282
95282
95282
95282
95282
95283
95285
95285
95285
95285
95286
95286
95286
95287
95288
95288
95305
95307
95308
95312
95315
95315
95318
95318
95318
95318
95319
95319
95320
95320
95321
95322
95323
95331
95332
95333
95334
95363
95364
95364
95364
95364
95364
95364
95364
95366
95366
95369
95369
95370
95371
95372
95373
95394
95398
95400
95400
95400
95400
95400
95423
95434
95435
95437
95437
95438
95438
95441
95442
95443
95444
95444
95444
95444
95444
95447
95447
95447
95448
95451
95451
95455
95525
95526
95533
95534
95546
95547
95547
95548
95549
95551
95552
95553
95554
95557
95559
95587
95589
95647
95653
95656
95656
95656
95656
95657
95665
95666
95668
95669
95674
95674
95674
95675
95675
95675
95676
95677
95690
95691
95691
95691
95719
95729
95730
95815
95819
95841
95843
95845
95849
95851
95852
95953
95955
95955
95956
95956
95956
95964
95981
95993
95997
96004
96004
96005
96006
96007
96008
96062
96062
96062
96063
96064
96065
96066
96068
96101
96102
96104
96105
96134
96167
96175
96192
96203
96204
96204
96204
96204
96204
96204
96205
96206
96207
96209
96214
96235
96236
96236
96237
96238
96238
96239
96244
96246
96247
96257
96257
96266
96268
96297
96297
96297
96332
96332
96332
96332
96332
96375
96378
96378
96436
96436
96437
96437
96437
96437
96437
96441
96441
96442
96443
96444
96445
96445
96455
96456
96457
96458
96459
96460
96461
96462
96463
96464
96465
96466
96466
96466
96466
96467
96467
96467
96479
96656
96656
96662
96662
96662
96663
96664
96665
96666
96676
96676
96680
96698
96705
96705
96720
96727
96736
96738
96898
96916
96917
97008
97112
97205
97205
97210
97210
97345
97348
97357
97407
97407
97407
97408
97408
97408
97409
97412
97421
97423
97423
97424
97425
97425
97425
97425
97427
97428
97430
97434
97435
97438
97464
97465
97466
97467
97468
97469
97476
97477
97488
97493
97493
97494
97494
97494
97494
97494
97523
97529
97529
97529
97529
97529
97533
97534
97535
97536
97537
97543
97544
97545
97546
97546
97546
97546
97549
97550
97550
97550
97551
97552
97553
97554
97554
97560
97560
97560
97562
97564
97565
97566
97566
97566
97567
97577
97578
97578
97579
97582
97582
97582
97584
97586
97593
97604
97608
97708
97708
97708
97712
97713
97716
97716
97716
97716
97716
97716
97716
97728
97729
97730
97731
97732
97733
97734
97734
97736
97737
97770
97771
97772
97772
97772
97772
97772
97772
97774
97775
97777
97781
97781
97782
97782
97784
97785
97789
97789
97791
97791
97791
97801
97804
97806
97807
97807
97807
97808
97809
97831
97833
97834
97834
97840
97842
97919
97920
97944
97947
97950
97950
97950
97953
97959
97967
97968
97972
98014
98014
98014
98015
98015
98026
98037
98037
98037
98038
98039
98041
98041
98042
98043
98043
98044
98050
98053
98053
98059
98059
98059
98060
98061
98063
98064
98065
98067
98068
98068
98072
98073
98073
98075
98076
98076
98077
98079
98079
98080
98080
98080
98080
98081
98085
98085
98085
98085
98086
98088
98089
98090
98091
98091
98091
98091
98093
98094
98095
98096
98098
98104
98105
98119
98119
98119
98119
98120
98120
98121
98135
98135
98135
98135
98146
98146
98148
98149
98151
98153
98172
98176
98181
98181
98182
98185
98185
98185
98185
98185
98200
98201
98202
98203
98203
98205
98206
98206
98210
98211
98230
98237
98237
98237
98242
98242
98242
98242
98242
98242
98248
98252
98252
98252
98254
98285
98285
98313
98314
98314
98315
98364
98555
98556
98557
98558
98563
98566
98610
98705
98707
98761
98764
98793
98793
98793
98794
98795
98797
98813
98813
98814
98815
98816
98817
98817
98817
98817
98817
98882
98884
98885
98885
98889
98889
98890
98947
98947
98948
98948
98966
99034
99035
99035
99040
99040
99087
99087
99088
99091
99091
99091
99091
99093
99098
99099
99101
99102
99103
99103
99103
99103
99103
99104
99105
99105
99111
99112
99112
99114
99124
99165
99165
99166
99166
99166
99167
99167
99167
99174
99175
99176
99176
99176
99176
99177
99195
99195
99276
99295
99296
99297
99297
99298
99299
99300
99301
99303
99304
99305
99318
99319
99320
99321
99322
99323
99326
99336
99337
99339
99340
99341
99342
99343
99347
99350
99365
99366
99374
99377
99378
99391
99392
99393
99395
99397
99398
99399
99399
99399
99401
99403
99404
99411
99411
99411
99412
99412
99426
99429
99465
99486
99647
99648
99675
99680
99681
99823
99854
99894
99992
100029
100147
100147
100147
100147
100150
100154
100170
100173
100174
100174
100174
100174
100174
100176
100180
100181
100181
100181
100181
100181
100181
100181
100182
100252
100252
100253
100253
100254
100255
100378
100380
100385
100387
100398
100398
100491
100491
100491
100492
100497
100497
100498
100516
100531
100531
100531
100532
100547
100547
100551
100553
100553
100555
100560
100561
100562
100574
100575
100575
100576
100583
100584
100584
100602
100609
100610
100611
100612
100613
100616
100618
100620
100631
100633
100657
100687
100688
100691
100692
100694
100695
100697
100700
100701
100701
100705
100705
100705
100706
100707
100707
100707
100707
100717
100718
100718
100730
100731
100732
100733
100734
100735
100736
100737
100737
100737
100739
100743
100746
100747
100748
100748
100748
100749
100758
100760
100762
100763
100765
100769
100770
100772
100774
100778
100780
100780
100789
100791
100791
100791
100792
100806
100809
100810
100810
100811
100812
100813
100813
100813
100814
100822
100824
100824
100824
100824
100825
100825
100826
100827
100827
100827
100827
100828
100829
100830
100830
100830
100830
100830
100831
100832
100833
100834
100835
100836
100837
100837
100884
100888
100900
100907
100914
100918
101019
101020
101042
101043
101044
101067
101082
101091
101112
101113
101134
101134
101135
101135
101136
101136
101136
101136
101136
101136
101137
101138
101142
101142
101143
101143
101143
101143
101143
101146
101146
101157
101157
101157
101158
101164
101165
101166
101167
101172
101175
101175
101175
101175
101175
101180
101184
101188
101207
101296
101308
101310
101311
101313
101314
101315
101316
101316
101316
101316
101317
101317
101321
101360
101373
101374
101374
101376
101377
101378
101405
101407
101407
101407
101408
101408
101408
101408
101409
101410
101410
101410
101410
101410
101410
101410
101425
101425
101425
101426
101429
101429
101429
101429
101429
101430
101436
101436
101438
101440
101440
101441
101442
101442
101457
101458
101459
101459
101459
101459
101461
101462
101474
101477
101478
101478
101479
101481
101482
101503
101505
101520
101521
101525
101526
101526
101535
101535
101535
101536
101536
101544
101545
101545
101546
101546
101546
101546
101546
101546
101548
101549
101549
101550
101550
101554
101555
101593
101600
101603
101603
101604
101606
101606
101606
101631
101635
101635
101637
101661
101713
101714
101726
101731
101731
101731
101731
101731
101731
101746
101749
101754
101755
101756
101774
101774
101775
101775
101785
101785
101785
101785
101787
101787
101793
101794
101796
101798
101799
101800
101809
101809
101809
101813
101820
101822
101823
101825
101826
101827
101828
101828
101828
101828
101828
101828
101828
101828
101828
101828
101831
101831
101841
101844
101845
101846
101847
101848
101887
101887
101888
101891
101892
101893
101897
101898
101899
101900
101901
101901
101902
101903
101903
101903
101904
101905
101905
101906
101907
101908
101917
101918
101919
101920
101920
101922
101923
101923
101923
101924
101925
101926
101927
101930
101931
101932
101933
101933
101933
101960
101960
101963
101967
101968
101968
101968
101968
101968
101968
101968
101969
101972
101973
101973
101974
101974
101974
101974
101975
101975
101991
101991
101992
101995
101996
101996
101998
102001
102001
102004
102004
102005
102006
102007
102008
102008
102009
102010
102010
102010
102011
102011
102011
102011
102012
102013
102014
102015
102015
102016
102016
102016
102016
102027
102028
102031
102031
102031
102033
102034
102034
102034
102034
102037
102037
102037
102037
102037
102037
102037
102037
102037
102038
102069
102072
102072
102072
102072
102076
102079
102080
102081
102081
102081
102081
102082
102083
102111
102120
102139
102140
102140
102140
102140
102141
102148
102148
102156
102156
102156
102156
102156
102159
102163
102164
102164
102168
102201
102202
102203
102206
102207
102207
102207
102210
102210
102210
102212
102214
102215
102216
102216
102217
102256
102257
102258
102259
102262
102263
102263
102263
102263
102266
102266
102272
102273
102273
102273
102274
102275
102275
102275
102275
102276
102276
102276
102277
102278
102279
102279
102279
102280
102280
102281
102282
102282
102286
102287
102297
102299
102299
102299
102300
102300
102300
102300
102300
102300
102306
102307
102311
102311
102312
102313
102319
102333
102333
102333
102333
102334
102334
102334
102334
102334
102359
102364
102376
102378
102404
102404
102404
102440
102440
102442
102455
102457
102460
102460
102460
102460
102479
102479
102479
102479
102482
102486
102505
102506
102506
102506
102509
102509
102511
102512
102513
102515
102515
102515
102515
102515
102515
102515
102515
102515
102516
102518
102520
102520
102524
102525
102526
102526
102526
102528
102528
102531
102561
102563
102564
102564
102564
102565
102610
102610
102610
102612
102613
102619
102619
102620
102624
102625
102638
102688
102689
102689
102697
102697
102697
102699
102700
102702
102704
102705
102718
102720
102720
102721
102725
102726
102727
102728
102728
102728
102728
102741
102743
102754
102773
102775
102778
102798
102799
102834
102845
102845
102846
102846
102848
102851
102852
102853
102854
102854
102854
102854
102854
102854
102855
102859
102863
102870
102870
102870
102870
102871
102871
102871
102871
102872
102873
102874
102874
102875
102876
102878
102878
102890
102890
102899
102899
102905
102905
102906
102908
102908
102908
102931
102931
102931
102932
102933
102933
102933
102933
102934
102935
102936
102940
102941
102943
102944
102948
102949
102952
102953
102955
102955
102955
102955
102956
102958
102960
102961
102963
102963
102963
102964
102965
102966
102967
102968
102970
102971
102971
102978
102978
102978
102978
102980
102982
102993
102994
102996
103020
103021
103022
103023
103024
103025
103025
103025
103031
103035
103037
103037
103043
103044
103044
103044
103044
103055
103056
103061
103067
103068
103069
103070
103071
103071
103072
103073
103075
103076
103076
103076
103076
103076
103076
103103
103133
103154
103158
103164
103165
103175
103187
103187
103187
103191
103192
103192
103192
103193
103194
103196
103196
103196
103199
103200
103200
103201
103202
103204
103205
103205
103205
103208
103212
103213
103215
103217
103221
103222
103223
103223
103224
103226
103227
103228
103229
103230
103230
103231
103236
103236
103236
103238
103239
103240
103240
103240
103241
103242
103243
103244
103244
103244
103245
103246
103246
103246
103246
103257
103257
103258
103262
103265
103267
103268
103268
103269
103269
103270
103271
103272
103272
103273
103273
103288
103289
103289
103289
103289
103290
103290
103290
103290
103290
103290
103290
103290
103292
103292
103293
103293
103293
103294
103295
103296
103297
103297
103297
103297
103299
103300
103300
103300
103301
103303
103304
103311
103312
103313
103313
103313
103313
103313
103313
103314
103315
103315
103316
103316
103316
103316
103317
103317
103317
103317
103317
103317
103317
103317
103318
103337
103338
103338
103338
103339
103342
103343
103343
103343
103350
103366
103386
103389
103390
103399
103407
103408
103428
103430
103431
103432
103433
103433
103433
103438
103443
103444
103447
103448
103449
103452
103452
103452
103456
103457
103458
103459
103459
103460
103461
103461
103463
103463
103463
103464
103465
103465
103465
103466
103482
103483
103484
103486
103486
103486
103487
103492
103493
103497
103498
103499
103501
103502
103503
103504
103505
103506
103507
103508
103509
103510
103523
103524
103525
103526
103528
103530
103530
103531
103532
103532
103532
103533
103534
103535
103535
103535
103535
103535
103535
103536
103536
103536
103536
103536
103538
103538
103539
103540
103541
103542
103543
103544
103544
103545
103545
103546
103546
103547
103549
103551
103552
103552
103552
103554
103554
103564
103565
103565
103566
103571
103573
103574
103575
103575
103576
103585
103585
103585
103585
103586
103587
103587
103587
103588
103591
103592
103599
103599
103599
103599
103600
103600
103601
103602
103603
103604
103605
103606
103606
103606
103607
103607
103611
103615
103615
103615
103617
103618
103619
103620
103621
103621
103622
103622
103622
103623
103624
103626
103627
103628
103628
103628
103628
103628
103639
103639
103640
103641
103642
103643
103643
103643
103643
103643
103644
103650
103650
103650
103650
103650
103651
103651
103652
103652
103653
103654
103655
103655
103655
103656
103656
103657
103657
103657
103659
103660
103666
103667
103668
103668
103668
103669
103669
103669
103670
103671
103672
103673
103674
103675
103675
103675
103675
103676
103677
103678
103680
103681
103682
103683
103683
103683
103683
103685
103686
103687
103688
103689
103689
103689
103689
103689
103689
103689
103689
103689
103689
103689
103689
103689
103689
103689
103689
103689
103689
103689
103689
103689
103689
103689
103689
