0
0
0
31
31
31
51
51
95
95
110
110
110
110
110
471
471
471
471
493
493
493
493
515
515
515
515
515
637
678
701
701
715
749
769
879
913
913
927
955
955
955
955
955
955
955
955
955
955
977
1009
1009
1009
1009
1049
1116
1265
1265
1265
1265
1265
1285
1285
1285
1294
1294
1294
1294
1294
1294
1294
1294
1448
1448
1448
1517
1517
1517
1517
1517
1560
1560
1560
1560
1560
1560
1668
1668
1668
1684
1684
1684
1684
1701
1728
1767
1767
1767
1767
1767
1767
1767
1767
1767
1767
1788
1788
1788
1799
1799
1799
1799
1799
1799
1799
1799
1799
1799
1799
1799
1799
1799
1799
1799
1799
1799
1799
1818
1818
1818
1838
1838
1866
1866
1866
1901
1901
1901
1901
1901
1923
1923
1923
1923
1952
1952
1952
1967
1967
1967
1993
2030
2081
2099
2117
2170
2170
2170
2170
2170
2170
2170
2170
2184
2184
2184
2184
2196
2220
2220
2220
2273
2273
2273
2273
2292
2292
2292
2327
2327
2327
2327
2359
2386
2386
2386
2386
2386
2387
2387
2387
2387
2414
2414
2414
2414
2414
2414
2414
2414
2414
2414
2414
2414
2545
2545
2545
2545
2545
2545
2545
2545
2545
2545
2720
2720
2741
2741
2741
2759
2759
2759
2767
2767
2785
2785
2806
2833
2877
2877
2921
2921
2943
2943
2943
2943
2964
2964
2964
2964
2964
2964
2964
3048
3048
3048
3071
3071
3071
3071
3093
3093
3131
3131
3131
3157
3157
3182
3195
3273
3273
3297
3297
3297
3297
3297
3297
3297
3297
3297
3297
3489
3489
3502
3531
3531
3531
3531
3531
3531
3553
3553
3654
3654
3654
3715
3734
3734
3734
3734
3870
3872
3872
3872
3872
3872
3872
3872
3918
4076
4098
4111
4135
4135
4181
4181
4203
4203
4244
4244
4287
4334
4334
4380
4393
4393
4393
4442
4442
4460
4460
4503
4546
4546
4562
4607
4607
4607
4607
4607
4607
4607
4662
4662
4703
4703
4703
4703
4718
4738
4738
4751
4751
4751
4751
4751
4792
4792
4827
4842
4890
4890
4890
4890
4890
4890
4933
4933
4945
4952
4952
4952
4963
4981
4981
4981
4981
4981
4997
4997
5042
5066
5110
5130
5130
5130
5130
5158
5175
5196
5196
5196
5196
5196
5196
5196
5196
5196
5196
5206
5219
5252
5257
5257
5276
5276
5300
5300
5300
5300
5300
5300
5350
5402
5402
5424
5447
5582
5582
5582
5582
5582
5582
5582
5582
5648
5648
5755
5755
5758
5758
5768
5784
5784
5784
5826
5826
5848
5870
5891
5891
5912
5965
5977
5977
5995
5995
5995
5995
6065
6081
6081
6081
6081
6081
6081
6081
6110
6110
6110
6110
6110
6110
6110
6110
6110
6110
6110
6110
6110
6110
6110
6110
6110
6110
6192
6192
6192
6192
6192
6192
6192
6192
6192
6192
6192
6192
6215
6215
6215
6215
6215
6215
6215
6215
6215
6215
6215
6237
6237
6237
6237
6237
6237
6237
6237
6237
6237
6237
6237
6237
6237
6237
6237
6237
6237
6269
6269
6269
6269
6269
6269
6269
6269
6289
6299
6299
6319
6319
6319
6319
6319
6319
6319
6340
6346
6346
6346
6346
6346
6346
6346
6346
6346
6346
6346
6346
6346
6356
6356
6356
6356
6356
6356
6356
6405
6405
6405
6405
6467
6467
6467
6467
6467
6470
6470
6470
6470
6470
6509
6549
6549
6549
6549
6566
6573
6588
6614
6614
6614
6614
6614
6614
6614
6614
6628
6628
6628
6628
6711
6711
6723
6723
6723
6737
6737
6747
6783
6783
6801
6833
6833
6850
6850
6850
6850
6850
6850
6850
6850
6927
6935
6935
6935
6948
6948
6963
6975
7079
7101
7101
7126
7126
7142
7142
7142
7158
7169
7171
7180
7180
7180
7192
7192
7206
7206
7263
7278
7295
7295
7295
7312
7312
7375
7375
7375
7405
7435
7435
7435
7435
7435
7435
7473
7527
7535
7535
7569
7569
7569
7583
7583
7583
7583
7583
7583
7637
7654
7675
7719
7719
7719
7719
7772
7798
7895
7895
7930
7947
7947
7958
7958
7958
8000
8015
8040
8040
8075
8075
8075
8075
8098
8124
8124
8139
8139
8163
8175
8175
8175
8175
8194
8194
8194
8199
8199
8232
8292
8292
8292
8312
8312
8312
8312
8369
8389
8413
8441
8441
8441
8483
8483
8483
8483
8505
8534
8534
8548
8548
8578
8578
8578
8634
8659
8659
8677
8677
8677
8677
8677
8723
8723
8723
8772
8772
8772
8772
9003
9003
9063
9063
9101
9129
9144
9154
9154
9182
9182
9199
9234
9259
9259
9259
9259
9259
9259
9323
9323
9323
9323
9345
9419
9691
9745
9782
9882
9882
9882
9882
9925
9925
9953
9953
9953
9953
9953
9953
9953
9978
9992
9992
9992
9992
9992
10016
10016
10016
10016
10016
10097
10097
10107
10107
10117
10148
10168
10168
10177
10207
10207
10207
10207
10228
10259
10259
10298
10313
10313
10313
10313
10344
10344
10344
10386
10386
10386
10386
10453
10453
10453
10470
10470
10486
10495
10495
10600
10627
10656
10656
10692
10692
10692
10692
10692
10692
10692
10719
10732
10761
10771
10834
10834
10834
10834
10865
10865
10865
10865
10865
10894
10894
10894
10895
10931
10931
10931
11005
11120
11120
11168
11168
11193
11193
11226
11246
11246
11263
11263
11285
11285
11285
11335
11335
11362
11362
11379
11379
11379
11414
11414
11414
11435
11451
11451
11451
11469
11469
11524
11524
11524
11524
11524
11524
11577
11577
11627
11710
11729
11729
11729
11729
11729
11729
11734
11789
11789
11807
11837
11893
11893
11893
11893
11893
11924
11924
11924
11924
11924
11950
11950
11950
11950
12001
12001
12001
12001
12001
12001
12022
12032
12056
12056
12083
12083
12095
12141
12165
12238
12272
12272
12272
12338
12350
12370
12370
12395
12456
12499
12530
12530
12530
12530
12530
12530
12530
12555
12581
12581
12623
12701
12766
12766
12766
12804
12804
12804
12836
12887
12920
12920
12920
12968
13004
13004
13097
13127
13127
13151
13246
13268
13268
13291
13321
13326
13326
13359
13359
13359
13359
13404
13404
13425
13425
13606
13639
13657
13657
13657
13657
13694
13732
13732
13732
13732
13732
13732
13754
13785
13785
13785
13785
13785
13818
13818
13878
13878
13878
13878
13924
13924
13936
13936
13969
13999
14032
14032
14221
14221
14221
14233
14247
14315
14336
14336
14369
14433
14433
14433
14446
14470
14470
14470
14470
14497
14515
14515
14515
14515
14515
14589
14589
14589
14589
14653
14653
14678
14678
14678
14678
14678
14680
14710
14747
14747
14747
14747
14747
14747
14747
14747
14747
14747
14747
14747
14758
14789
14789
14797
14797
14797
14850
14850
14850
14850
14850
14850
14850
14850
14850
14850
14850
14850
14863
14863
14863
14863
14863
14909
14909
14909
14941
14941
14941
14994
14994
14994
14994
14994
14994
14994
14994
15056
15056
15056
15063
15063
15063
15063
15063
15063
15063
15063
15063
15128
15146
15176
15176
15209
15224
15224
15224
15258
15258
15258
15258
15258
15258
15280
15280
15280
15327
15339
15339
15339
15358
15358
15358
15358
15358
15358
15358
15429
15451
15451
15489
15489
15523
15605
15605
15656
15677
15677
15677
15677
15750
15797
15941
16014
16031
16031
16031
16031
16031
16031
16031
16031
16031
16031
16031
16031
16031
16031
16031
16031
16031
16080
16273
16273
16273
16273
16311
16353
16372
16471
16471
16471
16490
16490
16490
16552
16594
16684
16684
16723
16723
16723
16723
16723
16723
16723
16723
16911
16911
16911
16911
16911
16911
16911
16944
16944
16957
16970
17015
17015
17015
17015
17015
17015
17015
17015
17062
17062
17067
17067
17131
17131
17165
17165
17165
17230
17238
17265
17265
17301
17301
17301
17301
17351
17405
17405
17448
17448
17448
17505
17505
17505
17505
17505
17505
17526
17539
17608
17608
17608
17608
17608
17618
17708
17708
17708
17716
17716
17716
17716
17716
17716
17716
17741
17741
17805
17805
17805
17818
17818
17874
17920
17968
17974
17974
17974
17974
18034
18034
18034
18034
18034
18065
18374
18374
18374
18375
18375
18375
18375
18375
18448
18448
18535
18535
18535
18599
18599
18599
18599
18599
18654
18654
18654
18654
18726
18726
18752
18811
18822
18822
18822
18838
18838
18838
18838
18884
18884
18884
18884
18884
18884
18884
18884
18884
18884
18884
18884
18884
18884
18884
18884
18884
18884
18884
18884
18884
18884
18951
18996
18996
18996
18996
19113
19113
19113
19166
19166
19166
19166
19166
19166
19166
19166
19166
19166
19166
19166
19183
19183
19272
19301
19301
19340
19399
19399
19399
19399
19425
19425
19478
19606
19606
19606
19606
19634
19664
19664
19664
19715
19745
19745
19774
19774
19774
19774
19774
19774
19808
19875
19875
19875
19875
19920
19920
19920
19920
19958
19987
20057
20057
20057
20141
20141
20169
20219
20245
20245
20245
20245
20245
20291
20291
20291
20379
20379
20379
20379
20385
20385
20385
20395
20395
20442
20442
20477
20477
20498
20522
20522
20548
20548
20565
20565
20565
20565
20565
20565
20565
20681
20681
20681
20681
20681
20681
20681
20681
20681
20681
20681
20741
20760
20760
20760
20793
20793
20793
20837
20841
20936
20936
20936
20987
20987
21000
21000
21000
21000
21079
21079
21133
21152
21166
21208
21208
21255
21283
21283
21376
21403
21403
21403
21477
21529
21581
21581
21581
21610
21610
21610
21610
21610
21643
21655
21655
21655
21657
21657
21657
21685
21786
21786
21786
21786
21814
21814
21848
21915
21915
21915
21938
21990
21990
21990
21990
21990
21990
22009
22020
22029
22076
22076
22076
22096
22154
22154
22154
22154
22193
22193
22193
22193
22193
22233
22281
22526
22546
22546
22546
22546
22546
22591
22620
22632
22632
22632
22632
22632
22632
22656
22709
22741
22791
22791
22791
22822
22822
22884
22884
22941
22941
22941
22941
22941
22941
22941
22983
22985
22985
23010
23010
23111
23111
23138
23138
23138
23138
23138
23176
23228
23228
23252
23295
23328
23328
23328
23346
23346
23346
23397
23419
23419
23419
23419
23492
23492
23516
23516
23527
23552
23552
23552
23552
23552
23580
23599
23599
23658
23743
23743
23743
23743
23743
23743
23776
23794
23794
23794
23794
23989
23989
23989
23998
24046
24087
24087
24087
24126
24126
24126
24126
24126
24182
24182
24252
24276
24276
24276
24305
24348
24386
24386
24386
24394
24432
24432
24432
24484
24517
24517
24519
24519
24519
24519
24519
24541
24541
24541
24568
24568
24568
24568
24568
24568
24584
24665
24751
24751
24751
24751
24751
24751
24751
24762
24856
24871
24871
24871
24889
24889
24889
24889
24889
24937
24937
24937
25017
25064
25064
25064
25064
25121
25187
25214
25214
25214
25214
25214
25214
25214
25244
25244
25254
25371
25434
25434
25434
25434
25434
25510
25510
25510
25570
25570
25570
25640
25672
25672
25694
25733
25834
25834
25834
25834
25834
25834
25834
25834
25834
25834
25908
25908
25936
25960
25960
25989
25989
25989
26020
26020
26142
26142
26142
26176
26225
26225
26225
26225
26225
26225
26225
26225
26225
26225
26254
26324
26335
26341
26412
26412
26473
26473
26473
26530
26530
26530
26565
26617
26617
26671
26671
26671
26671
26726
26754
26754
26754
26783
26843
26861
26861
26861
26861
26861
26892
26972
26972
26972
27006
27006
27006
27047
27047
27047
27129
27129
27129
27175
27175
27175
27254
27254
27310
27310
27310
27318
27318
27318
27318
27352
27352
27352
27352
27352
27352
27352
27352
27352
27352
27361
27361
27425
27505
27528
27528
27528
27528
27528
27675
27675
27675
27675
27675
27752
27785
27834
27834
27834
27834
27834
27834
27939
27939
27964
28007
28068
28068
28093
28093
28093
28139
28156
28156
28156
28156
28156
28156
28156
28156
28156
28156
28156
28156
28156
28156
28156
28186
28186
28186
28186
28208
28208
28208
28208
28281
28281
28281
28281
28281
28374
28374
28374
28374
28374
28374
28374
28374
28403
28403
28448
28448
28448
28448
28448
28494
28494
28494
28494
28494
28494
28494
28528
28528
28528
28602
28730
28753
28753
28753
28753
28753
28753
28753
28797
28797
28797
28797
28797
28797
28797
28797
28836
28836
28836
28836
28836
28836
28836
28836
28836
28836
28836
28836
28836
28836
28836
28841
28841
28841
28880
28880
28886
29030
29030
29030
29030
29030
29048
29048
29086
29141
29179
29270
29270
29270
29321
29322
29323
29370
29419
29419
29419
29419
29467
29467
29497
29497
29497
29633
29650
29691
29712
29712
29748
29748
29748
29836
29861
29944
29944
29944
29944
29944
29999
29999
29999
29999
30061
30061
30061
30093
30093
30093
30105
30105
30105
30105
30105
30105
30105
30155
30155
30218
30218
30218
30218
30218
30218
30218
30218
30218
30218
30218
30218
30218
30218
30218
30218
30218
30218
30218
30218
30218
30218
30218
30218
30218
30218
30218
30218
30218
30218
30218
30218
30218
30218
30218
30218
30218
30258
30258
30272
30272
30272
30272
30272
30293
30293
30361
30361
30361
30361
30615
30615
30615
30628
30628
30688
30711
30760
30760
30760
30790
30790
30790
30820
30820
30820
30820
30825
30825
30854
30854
30854
30854
30854
30854
30892
30895
30895
30895
30932
30932
30966
30966
30966
30966
30984
31047
31047
31047
31047
31092
31092
31092
31114
31114
31114
31121
31121
31203
31203
31244
31349
31349
31371
31468
31479
31479
31479
31479
31479
31479
31479
31544
31568
31568
31568
31568
31569
31650
31729
31729
31755
31755
31755
31755
31755
31755
31755
31866
32001
32001
32001
32001
32001
32001
32067
32067
32067
32067
32067
32067
32123
32123
32123
32216
32216
32216
32226
32226
32258
32258
32258
32280
32280
32280
32280
32280
32280
32369
32369
32369
32369
32392
32392
32392
32420
32448
32448
32448
32458
32458
32458
32458
32458
32458
32458
32458
32516
32516
32536
32536
32536
32536
32536
32536
32536
32554
32554
32554
32574
32591
32591
32591
32662
32795
32829
32829
32829
32829
32829
32829
32829
32829
32829
32829
32829
32829
32858
32858
32967
32967
32967
32967
32972
32972
33035
33035
33039
33053
33053
33053
33234
33234
33234
33339
33379
33390
33390
33393
33393
33433
33440
33440
33440
33440
33527
33617
33639
33639
33639
33746
33818
33868
33868
33868
33868
33868
33868
33935
33935
33935
33935
33935
33935
33935
33935
33935
33982
33982
33982
34072
34090
34090
34090
34090
34103
34103
34103
34103
34182
34182
34182
34182
34245
34320
34320
34320
34320
34346
34346
34346
34453
34453
34453
34453
34453
34453
34453
34453
34454
34454
34488
34488
34488
34488
34488
34488
34488
34488
34488
34488
34488
34488
34488
34488
34488
34570
34700
34786
34852
34901
34901
35167
35205
35205
35205
35229
35261
35261
35261
35261
35261
35317
35351
35374
35417
35422
35422
35422
35456
35456
35456
35481
35481
35503
35503
35503
35503
35621
35621
35678
35678
35678
35678
35678
35678
35685
35685
35764
35765
35779
35779
35779
35830
35830
35914
35914
35914
35914
35978
35981
35981
35988
35988
35988
36088
36088
36088
36137
36182
36199
36199
36199
36199
36199
36199
36199
36199
36199
36199
36199
36268
36608
36608
36669
36669
36669
36669
36669
36669
36669
36669
36669
36685
36735
36875
36875
36875
36875
36875
36928
36928
36928
36928
36930
36930
36932
36935
36935
36944
36966
36966
36966
36966
36966
36966
36966
37045
37045
37077
37077
37077
37077
37077
37152
37152
37152
37152
37152
37152
37152
37152
37152
37152
37152
37152
37152
37152
37152
37152
37231
37231
37231
37231
37231
37231
37231
37231
37231
37231
37231
37231
37231
37231
37380
37380
37380
37380
37461
37497
37497
37497
37497
37523
37523
37523
37523
37523
37537
37697
37697
37697
37697
37697
37751
37751
37751
37751
37751
37751
37751
37751
37751
37782
37782
37808
37808
37808
37907
37907
37978
38011
38128
38128
38214
38261
38261
38261
38261
38261
38428
38511
38511
38511
38511
38511
38511
38511
38511
38511
38511
38511
38511
38511
38511
38511
38511
38511
38511
38743
38743
38743
38743
38743
38743
38743
38833
38833
38890
38890
38890
38942
38942
38942
38992
38992
39003
39003
39003
39003
39003
39003
39003
39003
39064
39064
39064
39064
39064
39338
39338
39338
39338
39338
39378
39395
39395
39395
39395
39416
39608
39608
39608
39667
39702
39702
39702
39702
39702
39818
39818
39868
39868
39891
39891
39905
39965
40083
40210
40275
40275
40323
40323
40360
40360
40360
40360
40360
40388
40438
40438
40451
40451
40451
40451
40451
40501
40501
40501
40501
40501
40543
40579
40689
40763
40763
40763
40817
40817
41148
41148
41148
41148
41162
41162
41162
41162
41162
41162
41162
41162
41162
41175
41175
41175
41175
41175
41275
41275
41279
41351
41362
41362
41362
41376
41538
41555
41717
41930
41993
41993
42158
42235
42235
42363
42363
42419
42419
42419
42471
42471
42544
42544
42586
42599
42599
42602
42602
42669
42669
42669
42669
42670
42671
42671
42671
42671
42671
42671
42742
42805
42842
42842
42889
42889
42889
42889
42990
42990
42990
43062
43143
43143
43143
43201
43201
43201
43201
43201
43201
43201
43271
43329
43329
43329
43329
43329
43383
43383
43383
43383
43383
43383
43383
43408
43442
43442
43442
43484
43484
43484
43577
43577
43577
43577
43577
43577
43577
43577
43577
43592
43592
43592
43592
43592
43592
43592
43592
43592
43592
43693
43770
43770
43770
43770
43782
43782
43782
43854
43854
43854
43854
43854
43854
43907
43907
43907
43969
44018
44055
44055
44055
44084
44084
44109
44109
44109
44109
44216
44367
44367
44407
44407
44407
44407
44429
44429
44429
44429
44524
44524
44583
44583
44583
44710
44710
44710
44710
44790
44790
44790
44810
44811
44854
44854
44905
44905
44905
44905
44961
44961
44961
44961
45014
45014
45072
45072
45072
45120
45164
45164
45164
45175
45239
45239
45252
45333
45333
45333
45354
45354
45354
45412
45412
45483
45561
45561
45561
45618
45618
45618
45618
45647
45647
45647
45647
45647
45658
45667
45667
45667
45667
45667
45667
45667
45759
45759
45759
45759
45759
45830
45830
45830
45924
45924
45924
45924
45924
45924
45924
45924
45924
45924
45924
45924
46086
46086
46086
46086
46086
46086
46168
46168
46168
46214
46214
46214
46214
46214
46214
46214
46214
46214
46214
46214
46214
46214
46214
46214
46214
46214
46214
46214
46214
46330
46330
46357
46357
46357
46357
46357
46357
46357
46422
46427
46427
46484
46484
46504
46504
46504
46534
46575
46575
46575
46575
46622
46703
46703
46738
46762
46762
46777
46777
46777
46777
46836
46836
46836
46836
46836
46836
46836
46836
46899
46899
46899
46899
46899
46899
46929
46929
46929
46929
46929
46978
46978
46978
46978
47043
47045
47045
47174
47174
47174
47174
47174
47247
47247
47247
47285
47285
47338
47338
47338
47338
47384
47456
47480
47480
47480
47511
47511
47535
47535
47600
47600
47600
47600
47600
47600
47600
47600
47600
47605
47629
47629
47664
47664
47664
47689
47689
47689
47743
47769
47769
47841
47841
47841
47974
47974
48056
48056
48110
48156
48156
48156
48156
48253
48303
48303
48303
48364
48364
48424
48477
48477
48480
48584
48584
48697
48787
48872
48933
49007
49007
49007
49082
49212
49212
49213
49213
49213
49213
49213
49213
49213
49213
49213
49213
49213
49213
49213
49213
49246
49246
49246
49246
49246
49246
49285
49285
49285
49368
49368
49368
49368
49368
49368
49368
49368
49368
49389
49389
49389
49389
49389
49426
49426
49426
49426
49426
49426
49426
49435
49435
49443
49443
49596
49596
49596
49596
49596
49840
49840
49840
49901
49901
49901
49901
49901
49901
49901
49950
49950
49950
49950
50017
50039
50040
50097
50097
50097
50100
50100
50100
50100
50100
50144
50144
50144
50330
50330
50330
50330
50330
50330
50330
50330
50405
50432
50432
50432
50432
50498
50498
50498
50498
50498
50498
50581
50581
50584
50584
50673
50673
50673
50673
50745
50772
50772
50772
50836
50836
50885
50885
50885
50885
50885
50900
50900
50900
50900
50900
50900
50900
50900
50900
50956
50956
50956
50956
50956
50956
50956
50964
50964
51024
51024
51024
51024
51024
51024
51024
51079
51079
51079
51079
51079
51079
51079
51079
51079
51079
51079
51127
51273
51286
51286
51287
51287
51287
51287
51287
51322
51326
51326
51326
51326
51327
51327
51327
51327
51327
51327
51327
51327
51327
51327
51327
51327
51327
51327
51327
51327
51327
51327
51327
51327
51327
51327
51327
51327
51327
51327
51327
51327
51327
51327
51350
51350
51353
51498
51498
51498
51498
51498
51537
51537
51538
51538
51538
51538
51538
51538
51600
51600
51710
51710
51718
51723
51723
51799
51799
51898
51898
51898
51898
51898
51990
51994
51994
51994
51994
51994
52002
52002
52002
52061
52061
52195
52195
52195
52195
52195
52195
52195
52195
52252
52261
52261
52261
52261
52261
52261
52398
52398
52445
52445
52445
52445
52484
52484
52484
52484
52496
52496
52496
52496
52496
52496
52577
52577
52632
52671
52671
52671
52687
52687
52687
52687
52687
52687
52705
52742
52830
52830
52830
52858
52858
52858
52858
52858
52858
52858
52858
52858
52858
53075
53075
53075
53075
53130
53130
53130
53130
53130
53130
53130
53130
53195
53195
53227
53227
53227
53291
53555
53555
53555
53555
53555
53555
53555
53555
53555
53555
53555
53556
53556
53556
53556
53556
53556
53556
53556
53620
53620
53620
53620
53620
53653
53653
53653
53653
53653
53690
53690
53690
53690
53690
53690
53690
53690
53690
53690
53690
53690
53755
53837
53837
53837
53837
53837
53837
53837
53837
53837
53837
53918
53918
53918
53918
54030
54039
54054
54054
54054
54054
54054
54054
54054
54131
54131
54131
54131
54131
54131
54131
54131
54131
54131
54131
54131
54138
54138
54138
54138
54185
54185
54230
54230
54230
54230
54330
54330
54330
54330
54471
54471
54471
54488
54569
54569
54569
54569
54569
54643
54710
54804
54857
55080
55080
55127
55318
55398
55411
55411
55434
55474
55479
55479
55479
55479
55479
55479
55479
55479
55566
55566
55566
55566
55566
55566
55625
55715
55715
55715
55755
55755
55755
55769
55769
55769
55840
55840
55840
55840
55840
55840
55840
55840
55840
55923
55923
55923
55923
55923
55923
55923
55923
55954
55954
55954
55954
55954
55954
55954
55954
55954
55954
56064
56064
56064
56064
56102
56102
56102
56102
56102
56102
56102
56102
56102
56174
56174
56174
56174
56174
56174
56174
56174
56367
56388
56388
56388
56437
56437
56437
56437
56437
56437
56452
56487
56498
56498
56498
56498
56498
56536
56549
56555
56632
56632
56632
56632
56632
56768
56768
56768
56768
56768
56791
56925
56925
56925
56925
56925
56925
56925
56925
56946
56946
56946
56946
57027
57027
57027
57027
57027
57027
57115
57198
57198
57198
57198
57199
57200
57200
57200
57200
57200
57200
57200
57200
57200
57200
57200
57200
57200
57200
57200
57268
57268
57286
57286
57286
57286
57286
57336
57442
57453
57454
57454
57454
57454
57454
57454
57458
57458
57458
57458
57458
57458
57479
57479
57580
57580
57580
57685
57759
57759
57759
57759
57759
57759
57759
57759
57874
57874
57964
58002
58002
58002
58002
58110
58110
58110
58110
58110
58110
58110
58110
58110
58110
58162
58215
58215
58215
58261
58261
58261
58261
58261
58265
58299
58305
58305
58305
58305
58305
58305
58305
58305
58305
58387
58429
58429
58429
58429
58429
58429
58429
58429
58429
58429
58480
58480
58480
58480
58480
58480
58480
58480
58480
58480
58482
58482
58482
58482
58482
58482
58482
58483
58483
58483
58483
58483
58491
58491
58491
58491
58530
58530
58530
58586
58586
58586
58586
58634
58634
58682
58682
58682
58682
58682
58682
58682
58682
58682
58682
58682
58689
58689
58689
58689
58689
58689
58689
58689
58702
58702
58702
58779
58779
58779
58779
58834
58834
58834
58955
58955
58955
58955
58955
58955
58955
58955
58955
58955
58955
58955
58955
58955
58995
59007
59007
59033
59033
59033
59033
59050
59050
59050
59050
59050
59050
59050
59050
59050
59066
59066
59111
59111
59111
59111
59111
59176
59176
59176
59176
59308
59311
59311
59311
59376
59376
59376
59455
59492
59492
59530
59594
59605
59627
59627
59639
59736
59804
59804
59804
59822
59822
59822
59822
59822
59822
59837
59837
59837
59839
59839
59839
59839
59839
59896
59896
59897
59897
59897
59946
59946
59946
59946
59946
59946
59946
59981
60085
60085
60085
60085
60136
60136
60149
60149
60149
60149
60149
60207
60207
60220
60220
60220
60220
60220
60220
60220
60220
60220
60220
60220
60229
60229
60229
60229
60284
60284
60361
60361
60368
60368
60368
60368
60368
60371
60371
60371
60371
60371
60422
60422
60473
60480
60480
60480
60480
60574
60583
60583
60583
60583
60769
60838
60838
60838
60838
60838
60910
60910
60910
60910
60910
60912
60912
60999
61006
61017
61017
61030
61030
61030
61030
61030
61072
61072
61079
61108
61108
61108
61108
61172
61172
61172
61172
61172
61172
61172
61187
61187
61187
61187
61239
61239
61245
61245
61245
61257
61257
61257
61257
61318
61318
61318
61323
61323
61323
61323
61323
61323
61323
61374
61374
61471
61471
61471
61471
61570
61570
61570
61570
61570
61615
61615
61654
61725
61736
61736
61754
61760
61760
61908
61908
61908
61908
61921
61921
61921
61921
61921
61921
61921
61921
61921
61921
61921
61921
61921
61921
61921
61921
61921
61921
61921
61926
61926
61926
61926
61926
61926
61926
61926
61926
61926
61934
61934
62037
62046
62105
62109
62109
62109
62109
62109
62109
62109
62187
62187
62187
62225
62225
62225
62225
62225
62225
62235
62252
62252
62252
62252
62252
62252
62709
62709
62709
62783
62865
62865
62925
62986
62986
62986
62996
62996
63007
63007
63039
63039
63039
63039
63117
63117
63117
63133
63133
63133
63133
63133
63133
63133
63190
63190
63190
63196
63196
63196
63270
63316
63316
63316
63316
63316
63316
63324
63324
63324
63324
63324
63324
63324
63324
63326
63326
63350
63350
63350
63350
63350
63350
63350
63350
63350
63350
63406
63570
63570
63570
63570
63627
63627
63627
63627
63627
63627
63627
63729
63738
63738
63738
63738
63738
63738
63754
63754
63754
63754
63754
63754
63754
63877
63877
63877
63905
63905
63905
63905
63905
63905
63905
63943
63943
63943
63943
64003
64003
64003
64003
64003
64003
64003
64003
64003
64003
64003
64003
64003
64003
64003
64003
64003
64003
64003
64003
64003
64003
64003
64003
64076
64076
64076
64076
64076
64076
64077
64077
64077
64083
64083
64111
64111
64165
64165
64165
64165
64265
64265
64293
64293
64303
64303
64303
64303
64303
64308
64347
64347
64606
64606
64606
64606
64606
64606
64606
64606
64633
64633
64718
64718
64718
64718
64718
64718
64718
64718
64718
64718
64728
64784
64784
64784
64784
64798
64798
64820
64854
64867
64867
64867
64867
64867
64867
64867
64867
64867
64867
64867
64884
64884
64941
64981
64989
64989
64991
64991
64991
64991
64991
64991
64991
64991
64991
64991
65117
65117
65117
65117
65117
65117
65117
65127
65127
65227
65227
65227
65227
65227
65319
65319
65384
65385
65388
65470
65470
65470
65537
65537
65537
65542
65542
65542
65542
65582
65582
65582
65582
65582
65582
65582
65582
65582
65582
65582
65582
65582
65640
65707
65707
65707
65707
65707
65707
65707
65803
65846
65912
65912
65912
65912
65915
65915
65915
65915
65915
65915
65915
66046
66053
66053
66053
66053
66112
66112
66112
66112
66112
66112
66112
66112
66160
66160
66160
66160
66160
66160
66160
66160
66178
66184
66184
66184
66412
66412
66412
66500
66500
66500
66538
66538
66538
66538
66538
66538
66538
66538
66590
66590
66606
66606
66606
66606
66624
66624
66624
66624
66631
66631
66719
66719
66719
66719
66779
66779
66779
66779
66779
66779
66779
66779
66834
66834
66834
66834
66834
66834
66834
66834
66834
66834
66834
66916
66936
66950
66950
66950
66951
66951
66951
66951
66951
66951
66951
66951
66951
66951
66951
67066
67129
67178
67187
67187
67187
67187
67187
67187
67187
67187
67195
67223
67224
67224
67224
67224
67265
67265
67265
67265
67265
67309
67309
67382
67382
67382
67382
67382
67382
67382
67382
67430
67430
67430
67468
67468
67468
67468
67468
67468
67489
67489
67489
67489
67489
67489
67489
67588
67588
67588
67588
67588
67645
67645
67645
67645
67645
67645
67645
67645
67645
67645
67726
67726
67726
67750
67750
67779
67779
67779
67789
67789
67789
67789
67789
67789
67789
67789
67789
67829
67831
67869
67946
67946
68010
68010
68010
68047
68047
68047
68047
68047
68047
68047
68047
68047
68047
68047
68047
68081
68081
68081
68081
68081
68081
68081
68126
68126
68126
68202
68202
68202
68202
68202
68202
68202
68202
68202
68202
68202
68203
68203
68203
68203
68203
68203
68242
68299
68332
68413
68481
68481
68481
68535
68535
68708
68708
68708
68709
68709
68710
68710
68710
68712
68712
68712
68781
68781
68781
68784
68835
68847
68847
68847
68847
68847
68876
68889
68889
68889
68892
68906
68906
68906
68906
68906
68906
68906
68906
68906
68906
68906
68906
68983
68983
68983
68983
69080
69080
69081
69081
69081
69091
69101
69101
69101
69198
69235
69235
69235
69235
69235
69235
69235
69235
69235
69235
69235
69235
69348
69348
69348
69348
69390
69402
69402
69402
69402
69402
69402
69402
69402
69454
69454
69454
69454
69454
69454
69454
69466
69474
69474
69474
69474
69485
69485
69485
69485
69485
69485
69511
69569
69569
69569
69569
69569
69569
69569
69575
69575
69575
69575
69575
69575
69601
69629
69629
69643
69643
69650
69650
69650
69760
69775
69775
69775
69775
69777
69777
69777
69853
69900
69900
69900
69900
70045
70045
70045
70045
70045
70045
70045
70045
70045
70045
70045
70059
70072
70072
70072
70072
70072
70072
70075
70075
70075
70176
70176
70210
70210
70210
70210
70210
70210
70210
70210
70210
70210
70210
70210
70210
70210
70210
70210
70210
70268
70268
70268
70343
70343
70343
70540
70598
70598
70655
70655
70733
70733
70796
70796
70796
70796
70796
70796
70796
70796
70796
70810
70810
70810
70810
70810
70810
70810
71005
71005
71005
71005
71005
71005
71005
71005
71005
71005
71005
71005
71005
71057
71057
71057
71057
71057
71057
71057
71057
71057
71057
71057
71057
71057
71057
71057
71057
71095
71095
71095
71095
71095
71095
71095
71095
71095
71095
71095
71095
71118
71162
71177
71182
71213
71275
71275
71280
71280
71280
71300
71300
71300
71300
71300
71350
71410
71410
71410
71499
71560
71629
71683
71683
71683
71683
71683
71683
71683
71683
71683
71683
71731
71736
71736
71814
71814
71814
71859
71870
71870
71870
71870
71870
71926
71926
71935
71935
71983
71983
71983
72055
72196
72196
72196
72212
72212
72212
72212
72212
72212
72212
72212
72212
72212
72212
72212
72212
72212
72212
72280
72280
72280
72280
72280
72280
72280
72280
72280
72280
72280
72280
72280
72280
72280
72280
72280
72280
72280
72280
72285
72285
72285
72285
72285
72285
72285
72285
72285
72466
72468
72468
72468
72485
72486
72486
72486
72486
72534
72534
72535
72538
72538
72538
72538
72538
72538
72538
72538
72538
72539
72539
72539
72583
72583
72583
72583
72583
72583
72583
72583
72583
72583
72583
72583
72583
72583
72583
72583
72583
72583
72583
72583
72583
72583
72583
72583
72583
72583
72583
72583
72583
72583
72648
72648
72648
72648
72648
72655
72655
72655
72655
72700
72700
72778
72778
72787
72787
72832
72832
72836
72836
72836
72836
72836
72836
72836
72900
72906
72906
72906
72906
72906
72906
72906
72906
72961
72961
73049
73049
73059
73059
73059
73059
73059
73059
73059
73059
73059
73059
73059
73102
73102
73102
73150
73237
73237
73326
73326
73326
73369
73382
73382
73382
73382
73386
73398
73414
73471
73471
73471
73471
73471
73544
73544
73544
73679
73679
73679
73679
73679
73679
73679
73679
73679
73679
73728
73728
73728
73728
73728
73728
73728
73728
73837
73837
73999
73999
73999
73999
74060
74060
74134
74134
74134
74134
74134
74143
74143
74143
74143
74200
74200
74200
74200
74200
74200
74206
74218
74227
74227
74227
74227
74227
74227
74227
74227
74227
74227
74305
74305
74305
74338
74338
74338
74385
74385
74385
74407
74407
74407
74407
74407
74407
74407
74407
74473
74530
74530
74536
74536
74536
74536
74701
74701
74701
74701
74765
74765
74765
74765
74765
74765
74765
74765
74765
74837
74837
74837
74837
74885
74885
74885
74885
74969
74969
74969
75017
75017
75017
75081
75081
75081
75081
75081
75081
75081
75081
75081
75096
75096
75096
75096
75096
75100
75143
75143
75251
75251
75251
75251
75251
75251
75251
75330
75330
75363
75368
75368
75368
75368
75368
75368
75368
75409
75420
75420
75420
75486
75487
75492
75492
75550
75550
75550
75550
75550
75550
75550
75604
75604
75604
75604
75604
75604
75604
75656
75656
75656
75656
75656
75656
75656
75656
75656
75656
75656
75656
75656
75656
75702
75703
75820
75921
75921
75921
75980
75980
75980
75980
75980
75980
76049
76112
76112
76112
76112
76112
76112
76112
76112
76112
76112
76178
76266
76266
76266
76266
76337
76337
76337
76337
76352
76352
76510
76510
76510
76510
76510
76550
76550
76550
76550
76550
76550
76550
76601
76601
76601
76601
76676
76676
76676
76676
76676
76688
76688
76837
76837
76837
76837
76837
76837
76886
76889
76889
76889
76889
76889
76917
76953
76953
76953
76953
76953
76953
76953
76959
77224
77236
77236
77236
77236
77236
77242
77242
77318
77369
77369
77369
77369
77372
77372
77372
77372
77378
77378
77436
77439
77439
77439
77439
77439
77439
77439
77439
77439
77439
77439
77472
77472
77472
77598
77646
77646
77646
77646
77646
77646
77696
77704
77704
77716
77716
77716
77787
77787
77790
77790
77823
77829
77829
77848
77853
77855
77866
77873
77873
77873
77873
77873
77873
77873
77873
77873
77961
77961
78003
78003
78003
78019
78062
78062
78062
78062
78062
78062
78062
78062
78156
78156
78156
78156
78156
78156
78212
78212
78212
78212
78212
78212
78212
78212
78212
78216
78222
78222
78222
78228
78228
78228
78228
78228
78228
78228
78228
78229
78232
78238
78238
78238
78238
78243
78243
78243
78243
78243
78243
78243
78267
78267
78267
78311
78311
78311
78311
78311
78311
78346
78346
78346
78361
78364
78364
78364
78364
78429
78449
78449
78449
78449
78449
78449
78449
78449
78449
78449
78449
78566
78566
78579
78579
78579
78579
78579
78579
78798
78798
78799
78841
78841
78851
78851
78851
78851
78890
78890
78987
78987
78987
78997
78997
78997
78997
79062
79062
79114
79114
79119
79119
79119
79159
79159
79202
79202
79202
79205
79205
79205
79263
79263
79263
79263
79367
79367
79367
79431
79431
79496
79496
79496
79537
79537
79712
79712
79712
79712
79769
79769
79817
79854
79869
79869
79872
79878
79880
79880
79880
79880
79880
79880
79880
79880
79923
79923
79928
79988
79988
80141
80141
80141
80167
80167
80167
80167
80167
80167
80167
80167
80167
80167
80167
80167
80180
80204
80204
80204
80207
80207
80207
80253
80253
80253
80301
80301
80350
80350
80367
80379
80379
80379
80379
80379
80379
80379
80379
80379
80379
80528
80528
80528
80588
80588
80657
80657
80657
80657
80660
80660
80660
80660
80660
80660
80694
80694
80694
80694
80839
80839
80908
80908
80908
80908
80908
80908
80908
80908
80908
80908
80908
80908
80908
80908
80937
80937
80937
80937
81043
81053
81053
81053
81053
81097
81102
81106
81106
81106
81106
81106
81106
81106
81106
81106
81106
81106
81106
81145
81145
81198
81198
81198
81198
81203
81203
81203
81203
81232
81232
81232
81232
81304
81304
81304
81304
81304
81304
81304
81304
81304
81394
81394
81394
81394
81394
81394
81394
81394
81394
81424
81424
81424
81424
81424
81424
81458
81458
81458
81473
81528
81528
81565
81565
81565
81565
81584
81588
81588
81588
81588
81596
81596
81654
81692
81709
81748
81748
81748
81761
81761
81761
81761
81761
81761
81761
81792
81850
81850
81850
81850
81861
81861
81861
81861
81861
81861
81861
81861
81869
81874
81875
81875
81875
81875
81875
81875
81931
81931
81935
81935
81935
81935
81935
81935
81936
81989
81989
81989
82066
82120
82120
82120
82120
82120
82120
82120
82120
82120
82181
82185
82185
82185
82289
82289
82289
82289
82289
82289
82289
82289
82312
82318
82318
82318
82327
82327
82327
82327
82335
82442
82442
82442
82442
82442
82442
82442
82489
82489
82489
82489
82489
82490
82490
82490
82490
82490
82490
82538
82538
82538
82538
82538
82585
82628
82702
82705
82705
82705
82796
82796
82816
82816
82816
82816
82816
82816
82816
82816
82863
82865
82865
82883
82897
82897
82897
82992
82992
82992
82992
82992
82992
82992
82993
82993
82993
82993
82993
83012
83090
83090
83167
83208
83208
83212
83212
83272
83272
83273
83273
83298
83298
83298
83298
83298
83298
83348
83348
83351
83353
83353
83353
83353
83353
83400
83469
83608
83620
83661
83661
83727
83727
83809
83837
83837
83845
83845
83903
83951
83951
84055
84055
84055
84118
84195
84250
84250
84250
84314
84314
84346
84346
84346
84405
84479
84555
84563
84563
84568
84568
84568
84599
84599
84625
84629
84714
84714
84714
84714
84714
84783
84783
84783
84783
84834
84834
84854
84854
84854
84854
84854
84854
84854
84854
84854
84854
84869
84869
84869
84926
84926
84926
84926
84926
84926
84926
84926
85001
85094
85094
85094
85094
85094
85094
85094
85094
85097
85097
85100
85100
85100
85100
85187
85207
85207
85207
85207
85265
85265
85265
85265
85265
85265
85324
85324
85324
85324
85324
85409
85409
85409
85409
85409
85409
85409
85409
85409
85409
85409
85409
85409
85409
85409
85409
85409
85409
85409
85409
85461
85461
85461
85525
85531
85531
85584
85584
85584
85589
85629
85664
85664
85664
85729
85729
85729
85729
85729
85729
85729
85729
85729
85729
85729
85804
85804
85804
85842
85842
85842
85842
85842
85845
85847
85847
85847
85847
85847
85847
85847
85937
85937
85937
85937
85937
85937
85977
85977
85978
85996
86026
86026
86026
86026
86039
86039
86039
86067
86067
86067
86067
86067
86067
86067
86067
86067
86067
86067
86085
86085
86085
86142
86142
86142
86142
86192
86192
86238
86286
86286
86286
86374
86374
86483
86483
86483
86493
86496
86496
86496
86496
86496
86496
86496
86496
86496
86496
86496
86508
86508
86534
86534
86535
86535
86542
86542
86579
86579
86579
86642
86642
86642
86642
86642
86642
86642
86642
86642
86650
86650
86700
86773
86773
86773
86781
86781
86781
86781
86781
86781
86781
86784
86787
86787
86787
86787
86798
86798
86798
86798
86798
86798
86798
86798
86798
86798
86798
86798
86798
86798
86798
86798
86798
86798
86798
86808
86808
86817
86817
86817
86826
86826
86826
86826
86826
86829
86829
86830
86830
86830
86830
86869
86869
86876
86937
86999
86999
86999
87000
87000
87000
87000
87017
87021
87025
87025
87030
87036
87046
87046
87046
87046
87046
87046
87046
87046
87046
87046
87046
87046
87135
87206
87206
87206
87206
87206
87206
87212
87212
87212
87212
87212
87212
87212
87212
87212
87212
87212
87212
87212
87212
87212
87212
87212
87212
87272
87275
87275
87335
87335
87335
87335
87335
87420
87420
87420
87420
87420
87442
87448
87448
87459
87459
87493
87493
87493
87493
87526
87526
87526
87526
87561
87561
87561
87561
87561
87561
87561
87561
87561
87561
87561
87561
87561
87561
87561
87561
87561
87561
87561
87561
87561
87561
87561
87561
87576
87576
87576
87576
87576
87576
87576
87576
87576
87576
87576
87576
87576
87576
87576
87576
87576
87576
87576
87576
87626
87626
87626
87671
87671
87671
87671
87675
87688
87742
87742
87812
87812
87812
87812
87812
87812
87820
87820
87820
87820
87820
87820
87849
87849
87892
87892
87892
87947
87947
87947
87947
87947
88001
88001
88001
88001
88038
88038
88041
88041
88042
88042
88055
88109
88109
88109
88109
88109
88110
88110
88120
88160
88160
88206
88206
88206
88206
88206
88206
88211
88212
88216
88216
88216
88216
88216
88216
88216
88216
88216
88216
88216
88216
88216
88216
88216
88216
88265
88265
88265
88369
88369
88369
88386
88386
88386
88439
88518
88524
88524
88524
88524
88536
88536
88536
88536
88536
88536
88536
88536
88536
88570
88574
88574
88605
88605
88605
88605
88727
88786
88786
88866
88866
88866
88866
88909
88909
88909
88980
88980
88980
88989
88989
88989
88989
88993
88993
88993
89056
89056
89056
89056
89056
89056
89056
89056
89056
89056
89056
89056
89056
89067
89067
89067
89067
89067
89067
89067
89067
89067
89067
89067
89067
89067
89067
89067
89067
89071
89071
89071
89071
89071
89071
89071
89071
89071
89071
89071
89071
89134
89134
89134
89134
89134
89134
89134
89134
89134
89134
89134
89134
89183
89183
89183
89183
89183
89183
89183
89215
89215
89235
89235
89235
89235
89235
89329
89329
89329
89403
89403
89403
89403
89410
89472
89472
89513
89513
89513
89519
89519
89519
89519
89519
89566
89566
89566
89577
89577
89644
89644
89644
89644
89707
89760
89760
89760
89760
89760
89774
89774
89774
89774
89774
89774
89774
89774
89774
89774
89774
89841
89841
89841
89841
89857
89857
89866
89866
89866
89866
89866
89866
89866
89866
89878
89878
89904
89906
89906
89906
89906
89906
89906
89968
89968
89968
89968
89968
89968
89968
89968
89968
89968
89978
89978
89978
89978
89978
90063
90063
90115
90115
90115
90156
90156
90199
90199
90266
90266
90266
90266
90266
90266
90279
90279
90279
90279
90279
90279
90279
90279
90279
90279
90279
90279
90368
90368
90368
90368
90368
90402
90416
90423
90423
90430
90430
90430
90430
90430
90430
90430
90430
90430
90430
90430
90435
90435
90435
90435
90435
90435
90435
90435
90435
90469
90498
90535
90646
90646
90646
90646
90646
90786
90786
90786
90786
90786
90786
90845
90861
90863
90863
90895
90912
90912
90912
90912
90912
90959
90959
90959
90959
90959
90959
90959
90959
90959
90959
90959
90959
90959
90986
90995
90995
91001
91001
91038
91078
91109
91109
91109
91159
91220
91220
91220
91220
91220
91220
91241
91241
91241
91241
91241
91242
91242
91285
91285
91285
91285
91285
91354
91354
91354
91358
91358
91359
91419
91419
91419
91419
91438
91438
91438
91438
91475
91475
91678
91678
91678
91678
91678
91678
91678
91680
91680
91680
91680
91680
91680
91680
91680
91680
91680
91680
91680
91680
91680
91680
91680
91680
91680
91680
91680
91687
91687
91702
91702
91816
91816
91816
91822
91822
91829
91829
91829
91829
91829
91829
91829
91829
91829
91829
91830
91832
91842
91842
91842
91848
91859
91859
91859
91859
91859
91864
91864
91864
91864
91864
91864
91864
91864
91908
91926
91926
91926
91926
91926
91926
91926
91937
91937
91943
91943
91943
91974
91974
92020
92101
92101
92101
92101
92101
92152
92158
92158
92164
92169
92197
92197
92197
92197
92197
92197
92197
92197
92197
92197
92197
92255
92287
92287
92332
92332
92332
92332
92332
92332
92332
92332
92332
92332
92332
92332
92332
92332
92332
92332
92349
92350
92351
92351
92374
92374
92374
92379
92379
92379
92430
92430
92430
92430
92435
92501
92501
92508
92508
92621
92621
92621
92636
92639
92639
92700
92700
92700
92742
92857
92857
92857
92857
92870
92927
92992
92993
92993
92993
92993
92993
92993
92993
92993
92993
92993
92993
92993
93019
93019
93031
93041
93041
93041
93056
93056
93056
93056
93062
93062
93062
93062
93062
93062
93062
93062
93062
93062
93062
93062
93062
93064
93064
93064
93064
93064
93064
93234
93329
93329
93329
93329
93329
93329
93329
93343
93343
93343
93343
93343
93343
93343
93343
93343
93343
93378
93378
93378
93378
93378
93447
93448
93448
93450
93450
93499
93499
93499
93499
93499
93499
93499
93499
93499
93573
93573
93574
93574
93612
93612
93671
93671
93671
93671
93671
93671
93671
93671
93671
93671
93671
93671
93671
93671
93671
93681
93681
93694
93694
93694
93694
93694
93739
93739
93739
93739
93785
93785
93785
93787
93787
93787
93851
93851
93851
93851
93851
93851
93941
94065
94065
94065
94073
94134
94134
94139
94139
94139
94148
94161
94161
94161
94161
94161
94161
94220
94220
94220
94229
94306
94306
94306
94306
94318
94318
94318
94318
94328
94328
94328
94352
94469
94469
94496
94496
94501
94503
94503
94533
94533
94587
94587
94587
94587
94587
94587
94587
94587
94587
94587
94589
94589
94596
94596
94596
94596
94596
94596
94596
94596
94596
94657
94657
94657
94762
94832
94832
94850
94851
94851
94851
94851
94852
94852
94852
94852
94852
94852
94882
94916
94916
94916
94920
94920
94920
94920
94920
94920
94920
94920
94967
94967
94967
94967
94967
94967
94967
95010
95010
95010
95010
95010
95010
95010
95010
95010
95103
95103
95111
95111
95111
95111
95111
95111
95111
95111
95111
95111
95113
95114
95114
95114
95114
95114
95114
95144
95144
95147
95147
95147
95147
95147
95201
95201
95201
95251
95251
95333
95333
95383
95383
95383
95383
95383
95414
95421
95421
95425
95486
95486
95486
95486
95486
95486
95486
95486
95486
95486
95527
95548
95548
95548
95548
95548
95548
95548
95548
95548
95548
95548
95548
95548
95548
95577
95577
95577
95577
95732
95732
95770
95770
95770
95770
95770
95770
95770
95814
95814
95814
95814
95814
95814
95814
95875
95875
95886
95886
95886
95886
95886
95974
96020
96020
96020
96067
96088
96088
96088
96088
96088
96088
96088
96088
96088
96088
96088
96156
96156
96156
96156
96156
96156
96156
96156
96156
96156
96156
96156
96202
96249
96249
96260
96260
96260
96267
96267
96267
96267
96267
96267
96267
96267
96267
96267
96267
96267
96272
96284
96284
96284
96284
96284
96284
96337
96337
96337
96337
96337
96337
96337
96337
96337
96337
96337
96337
96337
96337
96337
96337
96337
96368
96384
96384
96384
96384
96384
96385
96385
96385
96385
96386
96386
96386
96386
96386
96386
96396
96396
96396
96399
96399
96399
96399
96399
96399
96399
96399
96399
96399
96454
96457
96457
96457
96457
96457
96457
96457
96462
96462
96462
96536
96536
96536
96536
96536
96536
96536
96536
96592
96592
96592
96592
96643
96685
96685
96685
96685
96685
96696
96696
96696
96704
96704
96704
96704
96708
96708
96708
96708
96717
96717
96717
96725
96725
96725
96725
96725
96735
96735
96735
96735
96735
96735
96735
96735
96735
96735
96735
96738
96738
96738
96738
96800
96800
96875
96938
96938
96938
96938
96938
96938
96938
96938
96938
96947
96952
96952
96954
96954
96954
97005
97005
97006
97006
97006
97006
97074
97074
97074
97085
97085
97103
97103
97103
97103
97103
97103
97103
97103
97103
97115
97120
97120
97123
97131
97131
97131
97131
97142
97142
97142
97142
97142
97142
97142
97142
97142
97142
97142
97142
97142
97142
97142
97142
97142
97142
97169
97169
97169
97169
97169
97169
97169
97169
97169
97169
97226
97226
97226
97226
97226
97226
97226
97226
97233
97233
97233
97250
97250
97250
97253
97253
97253
97253
97253
97253
97253
97253
97298
97298
97298
97298
97298
97355
97355
97355
97415
97415
97415
97415
97415
97469
97473
97473
97503
97503
97549
97549
97564
97564
97564
97564
97580
97580
97580
97634
97634
97634
97634
97634
97634
97634
97639
97639
97639
97639
97639
97639
97639
97734
97734
97734
97734
97734
97734
97734
97734
97769
97780
97780
97780
97780
97780
97780
97780
97780
97780
97780
97780
97787
97787
97799
97799
97799
97806
97813
97813
97844
97891
97891
97891
97891
97891
97891
97903
97937
97937
97937
97937
97937
97937
97937
97937
97937
97937
97937
97937
97937
97937
97937
97937
97937
97939
97939
97939
97939
97939
97939
97939
97939
97939
97939
97939
98031
98031
98031
98031
98031
98031
98031
98031
98031
98031
98031
98031
98034
98045
98045
98052
98052
98053
98053
98083
98092
98092
98092
98092
98092
98092
98092
98092
98093
98093
98097
98097
98157
98157
98186
98186
98186
98186
98186
98206
98206
98206
98213
98213
98213
98213
98213
98213
98213
98213
98213
98255
98255
98255
98255
98260
98262
98262
98262
98262
98262
98262
98262
98262
98262
98262
98308
98308
98308
98308
98308
98308
98308
98308
98308
98498
98498
98498
98498
98511
98511
98511
98511
98562
98562
98562
98562
98562
98562
98570
98570
98570
98570
98570
98570
98570
98589
98589
98589
98589
98589
98589
98589
98589
98589
98593
98593
98593
98593
98686
98703
98703
98706
98706
98706
98718
98718
98718
98718
98718
98718
98718
98718
98718
98718
98718
98730
98730
98730
98730
98730
98730
98730
98730
98730
98730
98730
98730
98730
98730
98777
98777
98985
98985
98985
98985
99043
99043
99043
99043
99043
99043
99043
99043
99221
99221
99228
99228
99229
99229
99229
99229
99229
99229
99241
99241
99241
99241
99280
99305
99314
99372
99372
99423
99434
99441
99441
99441
99441
99441
99448
99448
99448
99448
99511
99511
99511
99511
99529
99529
99537
99544
99544
99544
99545
99554
99554
99559
99559
99559
99559
99559
99559
99559
99559
99602
99602
99602
99602
99602
99616
99616
99617
99624
99624
99624
99663
99702
99702
99702
99702
99781
99781
99796
99796
99796
99796
99796
99796
99843
99844
99844
99844
99844
99844
99844
99844
99844
99844
99844
99844
99844
99844
99844
99844
99844
99844
99844
99887
99887
99887
99887
99893
99893
99893
99893
99899
99902
99902
99902
99902
99902
99912
99912
99912
99912
99912
99912
99912
99912
99912
99912
99912
99912
99912
99912
99912
99912
99912
99965
99965
99965
99965
99965
99965
100022
100022
100024
100024
100024
100024
100024
100024
100024
100024
100024
100024
100024
100024
100024
100058
100058
100058
100058
100058
100058
100058
100058
100058
100058
100102
100102
100102
100121
100121
100121
100121
100175
100175
100176
100176
100181
100181
100181
100181
100235
100235
100235
100235
100235
100235
100359
100410
100410
100410
100449
100449
100449
100449
100449
100449
100460
100460
100460
100460
100460
100460
100460
100460
100460
100460
100460
100460
100460
100460
100514
100514
100555
100555
100555
100555
100624
100628
100628
100628
100628
100628
100628
100628
100628
100628
100628
100628
100628
100628
100628
100628
100680
100680
100688
100688
100688
100728
100728
100781
100781
100781
100781
100781
100781
100781
100781
100781
100828
100828
100828
100845
100845
100845
100845
100845
100880
100880
100882
100923
100923
100923
100923
100923
100923
100923
100923
100997
100997
100997
100997
100997
100997
100997
100997
100997
101007
101007
101007
101007
101007
101007
101007
101007
101007
101092
101094
101148
101148
101187
101192
101192
101192
101192
101192
101192
101192
101192
101216
101216
101216
101279
101279
101279
101325
101343
101343
101343
101343
101343
101343
101343
101343
101343
101343
101343
101343
101343
101343
101343
101343
101343
101343
101379
101379
101379
101379
101379
101379
101388
101388
101388
101388
101388
101389
101389
101389
101389
101473
101473
101473
101473
101507
101507
101507
101507
101507
101507
101507
101507
101508
101508
101508
101508
101508
101508
101556
101556
101556
101557
101557
101557
101557
101558
101558
101558
101558
101558
101560
101604
101604
101614
101614
101625
101625
101625
101625
101625
101625
101655
101655
101655
101655
101655
101660
101660
101660
101660
101660
101660
101660
101660
101661
101661
101661
101661
101669
101669
101671
101671
101671
101677
101681
101681
101681
101685
101685
101685
101685
101685
101690
101690
101690
101690
101721
101725
101725
101725
101725
101780
101785
101817
101817
101817
101817
101817
101817
101823
101867
101867
101867
101867
101867
101867
101867
101869
101869
101869
101869
101869
101869
101869
101869
101869
101869
101873
101873
101873
101873
101873
101895
101895
101895
101897
101897
101897
101906
101906
101906
101906
101946
101946
101946
101946
101946
101946
101947
101955
101955
101955
101955
101955
101955
101955
101955
101955
101955
101955
101955
101955
101955
101955
101955
101955
101955
101955
101955
101955
101955
101955
101955
101955
101955
101955
101955
101955
101955
101955
102008
102034
102034
102060
102060
102060
102060
102100
102100
102108
102108
102122
102122
102181
102181
102181
102181
102181
102185
102185
102229
102229
102229
102229
102229
102229
102229
102241
102246
102246
102246
102246
102246
102246
102246
102246
102246
102246
102246
102246
102246
102246
102289
102289
102290
102290
102290
102338
102352
102352
102352
102352
102352
102432
102433
102433
102433
102487
102487
102487
102487
102487
102487
102487
102487
102494
102494
102494
102494
102494
102494
102565
102565
102565
102565
102565
102565
102600
102600
102600
102600
102600
102600
102608
102608
102608
102608
102608
102645
102645
102645
102694
102694
102694
102694
102694
102694
102694
102736
102736
102736
102736
102736
102784
102791
102800
102802
102802
102802
102802
102802
102802
102802
102802
102812
102812
102845
102845
102845
102845
102845
102845
102845
102845
102845
102859
102859
102859
102898
102898
102898
102898
102898
102898
102898
102898
102898
102898
102898
102898
102898
102898
102905
102905
102905
102905
102905
102905
102905
102905
102907
102907
102907
102907
102919
102928
102932
102932
102932
102932
102932
102943
102953
102963
102970
102973
103015
103029
103033
103134
103205
103246
103410
103515
103633
103647
103689
